57507
57600
0
0
0
0
0
0
0
0
0
0
0
0
0
0
0
0
0
0
0
0
0
0
0
0
0
0
0
0
0
0
0
0
0
0
0
0
0
0
0
0
0
0
0
0
0
0
0
0
0
0
0
0
0
0
0
0
0
0
0
0
0
0
0
0
0
0
0
0
0
0
0
0
0
0
0
0
0
0
0
0
1
29
993
3206
3598
3425
3475
3431
3447
3532
3496
3544
3560
3606
3527
3664
3668
3613
3742
3637
3702
3749
3715
3821
4046
3821
3935
3868
4070
4149
4104
4239
4021
4209
4041
4266
4327
4324
4485
4352
4444
4418
4545
4578
4641
4677
4754
4725
4693
4880
4792
4881
4971
5087
4939
5030
5169
5130
5159
5407
5251
5389
5477
5527
5590
5509
5640
5753
5766
5808
5897
5983
6093
6124
6014
6027
6246
6262
6415
6525
6488
6657
6837
6765
6855
6815
6983
7082
7130
7201
7294
7354
7611
7487
7696
7859
7933
7867
8084
8182
8431
8605
8695
8719
8833
9091
9178
9169
9287
9539
9795
9933
9976
10167
10298
10617
10703
10631
10969
10962
11424
11623
11658
11953
11952
12408
12503
12628
13019
13438
13586
13810
13971
14241
14525
14836
15063
15428
15719
15870
16465
16586
16990
17116
17361
17853
18015
18471
18737
18808
18918
19571
20024
20043
20341
20288
20735
21098
21066
21775
21830
22169
22079
22581
22729
22673
23084
23274
23312
23305
23598
23532
23794
23701
23903
23904
23932
24037
23712
23879
23875
23646
23522
23690
23556
23741
23222
23000
22884
23005
22482
22490
22111
22148
21705
21812
21680
21509
21289
20595
20795
20778
20230
19900
19815
19706
19437
19178
19048
18528
18593
18337
18047
17985
17589
17384
17216
16894
16965
16679
16633
16376
16040
16217
15868
15998
15658
15382
15437
15152
15255
14992
14873
14896
14849
14740
14817
14566
14461
14254
14151
14205
14078
14066
14010
13818
13667
13590
13473
13617
13406
13354
13262
13395
13093
13258
13162
13088
13222
13320
13058
12979
12911
12872
12855
12690
12930
12902
12791
12651
12911
12817
12685
12625
12800
12695
12624
12641
12551
12894
12808
12635
12590
12569
12725
12813
12766
12843
12681
12863
12602
12649
12795
12826
12766
12899
12744
12658
12519
12806
12672
12696
12749
12698
12835
12670
12678
12572
12789
12756
12738
12629
12724
12706
12925
12809
12736
12890
12743
12955
12911
12966
12881
12955
12778
12809
13044
13113
13049
13133
13148
13130
13052
13001
13312
13167
13476
13229
13326
13347
13318
13500
13388
13495
13653
13553
13613
13756
13728
13852
13960
13949
13916
13909
13837
13926
13966
14204
14115
14314
14318
14138
14155
14276
14478
14421
14348
14347
14509
14587
14338
14505
14684
14605
14603
14592
14492
14911
14636
14566
14493
14598
14741
14396
14751
14473
14420
14552
14619
14334
14500
14327
14453
14320
14064
14034
14040
13953
13964
13884
13672
13855
13552
13385
13316
13339
13172
12870
13055
12927
12743
12714
12564
12259
12323
12235
12057
11668
11835
11706
11568
11409
11431
11243
11278
10943
11000
10858
10671
10455
10385
10469
10153
10175
10118
9995
9951
9930
9761
9708
9598
9462
9375
9166
9369
9301
9241
9279
9061
8885
8951
8740
8777
8598
8574
8647
8370
8547
8452
8447
8275
8408
8114
8154
8114
8051
8189
8062
7948
7871
7941
7795
7869
7889
7922
7765
7489
7535
7742
7604
7792
7522
7674
7456
7311
7349
7172
7279
7197
7290
7281
7131
7271
7061
7221
7170
7042
7060
6952
6941
6933
6984
6781
7010
6967
6776
6811
6760
6660
6665
6681
6643
6585
6529
6549
6574
6623
6711
6586
6529
6629
6553
6513
6436
6429
6539
6544
6460
6459
6394
6562
6356
6494
6397
6310
6462
6318
6457
6332
6336
6401
6312
6320
6254
6296
6182
6280
6299
6413
6212
6253
6302
6143
6264
6209
6116
6042
6132
6217
6047
6095
6121
6302
5922
6088
5964
6087
6170
6072
6158
6154
6109
6147
6099
5940
6102
6176
6119
6144
6142
6092
6105
6150
6251
6232
6247
6520
6149
6384
6355
6484
6533
6420
6577
6642
6804
6727
6788
6962
7095
6981
7110
7074
7246
7111
7306
7271
7484
7515
7681
7685
7719
7959
7829
7782
7989
8035
8043
8249
8366
8347
8332
8453
8424
8586
8554
8642
8767
8667
8671
8892
9120
8911
9031
8917
8935
8861
9027
9046
9144
8912
8963
9157
8824
9066
9027
8917
9113
9061
8847
9042
9106
8945
8882
8932
8826
8706
8655
8568
8692
8577
8600
8621
8414
8610
8387
8382
8389
8581
8366
8403
8209
8303
8328
8539
8260
8366
8406
8304
8179
8366
8316
8360
8405
8228
8404
8265
8431
8379
8583
8423
8449
8424
8564
8513
8641
8599
8646
8761
8908
8822
8855
9052
9029
9082
9313
9377
9456
9196
9400
9528
9463
9406
9626
9656
9774
9677
9955
9959
9798
9864
9853
10069
9904
9885
10106
9954
9877
9989
10025
10028
10115
9893
9985
9832
9962
10022
9820
9732
9597
9753
9786
9771
9669
9577
9327
9463
9292
9321
9132
9117
8965
8835
8728
8490
8785
8384
8445
8361
8293
8138
8145
7988
7882
7665
7558
7607
7377
7267
7111
7156
6789
6835
6729
6532
6477
6390
6187
6094
6048
6071
6027
5785
5808
5432
5401
5468
5260
5329
5181
5037
4972
4882
4777
4849
4791
4646
4605
4411
4575
4410
4288
4242
4238
4194
4066
4096
4069
3967
3967
3867
3798
3841
3866
3787
3581
3711
3693
3624
3612
3508
3627
3642
3520
3558
3503
3445
3469
3498
3480
3398
3425
3414
3344
3317
3446
3430
3382
3319
3455
3265
3340
3318
3316
3345
3384
3350
3338
3374
3300
3428
3389
3339
3237
3298
3392
3402
3303
3304
3327
3385
3365
3365
3392
3325
3363
3392
3403
3386
3381
3424
3443
3371
3411
3422
3449
3513
3455
3509
3532
3527
3562
3493
3513
3564
3590
3587
3573
3755
3789
3791
3782
3783
3761
3701
3906
3763
3730
3741
3779
3955
3882
3882
3964
4016
3807
3997
3994
3985
4053
4213
4069
4035
4184
4166
4056
4183
4175
4042
4275
4175
4311
4354
4165
4328
4457
4275
4428
4369
4337
4482
4377
4363
4532
4552
4424
4626
4515
4541
4479
4645
4500
4530
4704
4560
4543
4594
4661
4606
4717
4612
4611
4609
4622
4644
4712
4676
4628
4573
4584
4554
4696
4684
4624
4590
4487
4491
4546
4546
4423
4605
4556
4492
4579
4380
4417
4325
4441
4362
4240
4171
4218
4115
4242
4227
4064
4125
3995
4003
4007
3757
3798
3860
3812
3754
3797
3735
3730
3640
3532
3537
3406
3511
3281
3360
3256
3217
3181
3139
3091
2899
2996
3070
3000
2865
2850
2790
2808
2717
2716
2571
2569
2566
2504
2449
2426
2299
2376
2280
2261
2366
2193
2148
2155
2137
2051
2105
2001
1941
1887
1879
1960
1845
1876
1804
1818
1834
1785
1852
1719
1762
1741
1724
1682
1712
1641
1718
1672
1709
1708
1717
1700
1735
1624
1697
1699
1690
1720
1650
1701
1643
1750
1670
1751
1680
1745
1784
1723
1687
1734
1789
1829
1793
1828
1869
1838
1871
1832
1924
2003
1945
1881
1878
2007
1998
1910
2070
1995
2016
2045
2037
2055
2107
2098
2106
2095
2118
2206
2235
2118
2265
2262
2222
2146
2139
2297
2210
2275
2363
2270
2307
2308
2311
2262
2251
2330
2288
2303
2328
2345
2369
2281
2189
2270
2373
2402
2317
2207
2295
2328
2277
2350
2271
2296
2232
2303
2197
2280
2271
2203
2203
2164
2124
2140
2105
2058
2049
2053
2063
2103
2054
2030
1967
1999
1930
1990
1843
1882
1782
1792
1945
1890
1819
1789
1782
1806
1735
1712
1771
1688
1721
1603
1616
1655
1475
1553
1479
1466
1493
1502
1463
1487
1468
1375
1463
1394
1390
1372
1265
1336
1414
1274
1326
1356
1274
1258
1228
1180
1307
1247
1241
1165
1164
1182
1173
1155
1086
1151
1077
1089
1148
1097
1107
1108
1043
1042
978
1028
1090
1014
956
1042
953
1004
957
979
944
958
1003
984
981
946
945
917
917
962
930
908
880
952
906
885
905
887
874
836
864
882
836
830
865
825
830
824
815
768
770
808
781
837
752
843
804
742
805
753
754
790
766
755
743
724
769
737
705
758
702
715
722
690
670
721
690
747
694
692
676
693
647
614
666
639
672
622
636
614
648
618
637
569
609
684
548
624
591
626
598
624
565
600
554
619
581
559
582
546
591
574
602
557
580
527
557
573
552
546
560
556
480
526
528
529
539
555
527
541
600
512
556
556
531
528
503
548
557
515
524
510
557
545
573
526
538
525
513
547
540
511
516
558
541
540
549
533
530
528
552
541
525
533
525
547
537
515
498
493
507
535
567
484
510
547
515
512
510
539
538
546
548
490
548
556
521
542
591
531
551
504
551
547
537
562
548
535
532
559
581
541
557
535
559
498
557
526
546
479
564
580
571
590
549
561
570
512
554
544
558
577
584
511
524
515
538
479
552
513
542
527
557
539
477
504
493
530
518
548
565
515
547
544
547
515
496
481
488
571
523
536
520
564
545
513
523
520
478
509
512
480
480
546
485
495
534
501
518
494
484
526
488
463
434
465
464
451
500
449
470
498
463
483
485
434
436
468
469
489
438
455
450
472
458
462
460
463
426
433
401
447
429
446
439
431
436
468
429
411
437
430
475
456
436
478
444
441
412
446
438
415
430
433
481
436
432
385
409
435
432
386
425
404
444
427
416
434
400
415
438
423
410
442
414
459
442
440
438
438
460
422
417
406
449
420
476
433
404
412
407
475
415
406
442
455
431
467
401
412
466
477
461
431
435
406
477
424
442
428
483
446
444
495
457
470
416
452
428
462
495
468
463
492
483
459
458
476
463
492
516
467
494
505
507
499
480
495
525
535
514
465
530
489
470
499
497
532
500
535
520
558
511
497
530
481
460
527
569
596
524
502
516
508
523
501
520
566
515
521
522
540
539
554
538
526
510
497
521
494
551
543
574
525
534
525
541
538
526
492
542
522
523
553
495
508
531
555
554
556
536
554
497
507
498
533
548
525
514
508
535
501
518
501
578
536
491
479
531
492
505
495
496
473
505
471
490
493
484
514
492
475
479
473
512
476
500
479
494
457
468
490
428
465
472
437
423
389
450
418
433
439
434
431
463
431
420
402
444
436
432
394
455
417
409
424
437
412
418
410
392
426
396
382
396
383
397
341
366
359
387
348
364
322
358
375
345
428
347
379
402
312
362
369
373
358
351
335
322
344
338
382
361
315
321
344
328
312
344
294
297
330
293
308
285
313
318
305
290
317
299
288
325
329
290
317
293
312
306
290
319
289
261
281
245
246
258
269
261
293
289
266
264
264
269
279
258
296
281
252
285
262
248
279
280
231
261
260
275
275
266
275
245
270
255
256
241
262
257
263
243
262
260
233
244
246
272
261
251
272
239
264
233
253
260
251
274
277
244
247
229
259
239
226
277
229
272
246
263
236
250
244
263
248
251
235
250
230
252
242
279
262
235
259
270
218
258
232
236
246
252
264
237
233
255
232
234
254
246
242
231
232
240
227
249
253
246
215
262
238
242
236
236
265
241
288
244
252
286
242
244
264
263
251
234
256
251
222
228
237
232
222
240
242
240
237
253
246
259
224
255
252
237
227
249
266
251
242
231
248
228
247
206
252
253
253
250
223
263
243
265
251
258
236
263
238
243
243
263
262
237
234
262
253
243
238
245
254
271
243
241
282
245
260
270
244
203
266
244
254
239
239
281
242
243
261
274
235
302
240
276
256
253
250
238
247
243
226
259
223
232
243
256
270
263
241
240
240
238
271
273
248
262
232
263
259
251
271
226
245
230
254
262
226
255
237
266
253
239
272
235
249
246
277
241
257
246
242
258
254
248
219
234
249
266
240
266
258
210
245
230
264
261
210
222
224
239
254
246
265
201
234
231
228
251
202
227
230
227
261
235
250
225
252
240
254
243
220
224
234
213
250
262
223
250
230
213
243
219
250
211
243
231
247
240
242
259
231
247
246
224
261
233
245
198
220
258
256
239
232
226
261
240
249
236
255
234
220
237
233
245
252
230
241
241
245
240
221
241
235
219
252
251
218
239
242
248
230
217
228
238
233
225
231
246
246
237
251
243
217
231
238
218
246
255
231
242
229
238
246
253
223
229
236
237
226
235
215
259
249
233
215
230
236
206
221
227
218
222
210
234
221
223
220
208
244
238
242
241
225
245
202
228
244
229
222
232
260
218
230
228
227
222
231
234
230
246
228
239
207
223
228
204
245
226
214
231
243
244
261
243
220
223
243
245
252
243
218
227
221
211
225
229
233
251
240
234
260
235
255
248
221
233
223
233
260
274
262
258
255
235
234
246
269
269
270
251
246
252
283
263
263
277
257
229
251
251
257
277
263
247
283
265
258
296
289
259
253
270
274
263
271
287
294
286
266
291
294
289
272
262
269
302
267
328
279
293
283
317
271
283
312
275
277
310
322
344
305
298
315
293
325
287
349
300
307
301
313
356
345
284
334
353
313
295
300
334
307
340
325
326
313
326
294
304
345
333
323
304
345
313
310
332
305
299
322
290
356
315
332
272
339
307
336
296
288
317
293
324
329
321
309
369
349
328
309
315
318
326
290
329
299
302
284
319
280
310
275
308
286
264
280
288
288
294
309
287
284
283
280
275
263
285
273
279
262
276
261
252
269
253
222
262
232
270
234
262
246
243
247
232
266
252
237
207
229
195
245
225
207
261
213
216
230
219
200
234
228
218
228
236
197
221
203
229
206
212
215
212
222
216
187
228
223
179
188
196
192
222
211
214
192
182
199
170
181
196
186
159
194
178
185
173
191
182
194
199
161
199
201
194
158
201
174
156
165
183
176
186
179
206
193
197
180
208
151
163
192
157
176
188
149
199
170
185
173
162
152
179
178
170
161
183
174
166
181
198
163
176
163
177
178
160
185
195
189
187
188
196
188
185
168
170
178
165
171
175
174
164
163
172
168
182
163
184
171
205
176
175
173
205
193
181
177
197
176
172
139
173
175
195
168
179
162
182
180
177
198
170
175
205
155
188
165
186
192
181
177
173
172
164
172
142
178
143
182
178
194
173
165
168
191
155
191
170
176
187
183
173
156
149
155
165
175
162
184
175
157
184
184
175
175
140
176
185
161
145
173
158
164
170
146
145
162
144
163
165
156
168
158
154
180
171
166
169
150
160
161
147
176
156
184
142
150
148
159
169
174
150
155
188
150
156
161
143
137
146
161
168
162
156
167
148
141
153
153
150
135
148
160
140
141
176
163
160
170
125
179
143
143
131
159
161
134
143
149
146
128
131
145
154
150
154
148
134
152
138
161
130
130
143
132
139
149
148
165
148
172
181
184
175
161
155
132
128
137
138
142
133
150
148
155
158
156
126
136
161
165
137
150
149
167
139
139
146
143
144
153
147
134
163
170
148
135
157
142
140
127
130
162
142
155
122
142
133
176
149
135
156
159
139
136
154
151
146
122
148
123
122
144
140
135
157
132
132
154
137
128
150
122
137
139
141
134
134
150
154
128
151
124
138
132
120
141
124
125
118
121
124
131
128
125
115
131
137
135
141
120
129
138
127
133
115
145
141
136
127
122
120
112
136
150
127
124
125
108
112
121
134
137
121
136
140
127
124
120
116
106
116
127
99
120
116
111
113
119
121
98
120
115
107
116
93
109
137
129
99
116
114
112
106
126
124
113
121
111
130
118
109
93
102
99
100
102
123
128
117
105
124
107
126
110
104
115
118
110
120
102
110
116
124
112
119
111
107
117
122
105
113
100
101
94
94
112
105
97
104
114
112
106
126
94
102
114
110
108
97
109
92
121
98
105
81
103
93
126
123
97
99
96
97
108
107
96
89
116
107
109
103
100
110
93
106
102
92
93
95
109
113
107
95
97
97
101
97
95
105
91
118
91
94
113
124
98
111
90
105
109
97
113
112
107
116
117
122
89
91
107
94
119
99
94
97
97
105
105
91
101
103
119
116
101
103
97
112
102
97
104
96
100
104
129
97
100
88
95
121
106
97
105
110
98
106
109
123
96
114
90
96
111
98
106
107
116
124
113
119
123
118
117
108
113
128
101
109
106
105
130
123
100
87
111
100
111
117
111
115
111
112
116
104
123
111
127
106
101
105
113
115
104
108
111
111
116
93
124
113
149
119
134
118
104
113
95
105
107
99
121
116
106
111
96
113
103
87
102
117
121
123
105
118
114
110
142
101
126
97
113
131
115
103
115
112
109
120
116
128
117
115
143
105
95
110
115
122
111
143
122
124
118
115
116
126
130
127
102
129
124
115
114
126
119
125
121
117
121
121
126
132
106
141
100
127
105
112
125
129
122
124
122
118
131
121
128
110
104
120
132
127
125
107
118
123
103
131
124
139
128
122
116
112
131
148
145
130
124
108
126
134
96
123
132
111
123
103
134
108
98
120
116
97
115
121
122
113
132
130
114
111
110
114
109
131
116
114
140
102
131
121
129
104
133
135
112
129
126
106
114
133
121
123
122
108
118
110
105
135
115
144
131
103
132
119
102
93
131
100
104
110
104
122
121
114
110
112
112
105
122
101
105
111
97
110
102
112
118
122
130
102
106
120
104
105
104
106
123
114
102
103
106
93
116
108
115
121
94
113
90
93
101
117
104
117
101
92
111
117
118
110
94
112
123
112
112
112
98
91
109
90
91
98
107
101
99
106
104
103
75
114
88
96
126
97
118
99
92
106
88
121
97
101
97
102
98
89
111
92
122
103
113
95
124
121
96
95
97
102
105
102
104
97
99
97
103
106
82
105
89
96
91
80
106
92
93
92
96
97
103
84
98
90
95
111
83
99
103
82
93
97
99
97
81
88
80
106
99
76
94
90
92
92
74
90
80
83
94
101
105
96
73
87
93
115
90
99
88
88
99
85
79
97
79
101
93
87
88
94
98
91
80
99
89
80
95
85
95
80
79
83
85
89
93
88
92
89
79
93
80
72
90
96
81
89
97
76
85
78
94
73
92
89
72
84
95
93
79
87
87
91
73
65
88
81
81
82
89
75
75
86
63
84
81
71
65
74
91
72
105
79
83
76
96
82
84
72
81
91
79
83
79
72
74
71
73
87
95
83
80
76
77
92
73
71
62
74
85
75
60
65
85
73
80
73
71
72
83
62
79
76
75
71
79
78
71
73
75
77
74
75
76
65
76
77
63
79
71
61
90
77
71
59
73
62
71
63
63
72
75
61
78
69
60
63
64
65
66
56
59
77
55
79
65
82
61
62
64
66
70
53
71
69
65
64
79
68
59
71
72
76
72
52
87
83
67
74
72
62
64
55
57
63
59
80
71
76
70
79
67
61
72
66
62
71
52
66
60
54
68
65
49
59
67
61
85
67
57
52
71
79
60
65
65
60
61
47
57
51
64
60
50
50
60
63
69
68
58
49
46
53
58
55
65
70
59
48
56
53
52
63
57
61
40
51
58
56
66
55
48
62
66
54
49
57
70
66
45
60
47
58
50
55
63
72
44
74
63
63
56
56
58
48
44
52
39
50
51
45
54
47
56
57
49
58
48
57
64
50
55
52
50
55
57
47
42
48
50
46
37
45
49
59
53
54
47
44
42
58
52
38
63
47
50
48
44
44
33
49
38
45
64
47
46
49
48
44
48
30
46
56
45
52
43
60
51
47
44
43
41
61
47
40
47
31
44
50
57
53
47
43
55
57
57
48
55
47
30
40
48
45
51
37
52
46
41
65
46
43
48
55
61
39
52
41
48
37
56
47
56
53
57
49
42
39
55
47
39
46
52
49
39
40
52
65
43
48
37
41
41
47
44
41
55
47
47
45
27
40
48
53
39
40
41
40
57
42
36
55
44
56
49
42
40
46
40
33
43
55
55
55
46
42
38
40
43
45
36
38
48
40
53
42
46
40
43
39
48
48
38
61
39
64
49
47
55
49
46
44
39
50
35
40
38
50
34
50
50
38
41
56
64
37
43
55
71
54
51
48
57
55
46
51
45
56
51
49
44
68
41
43
38
42
57
45
36
59
39
63
58
65
51
48
56
51
51
55
57
53
37
62
44
58
62
58
45
50
46
44
53
51
60
62
59
56
54
41
42
36
43
66
47
52
48
51
57
49
58
55
56
65
60
78
65
51
62
56
52
61
59
59
72
64
57
69
52
58
56
52
61
68
63
55
53
64
61
50
58
53
64
61
72
75
78
63
81
69
66
79
78
73
68
78
68
77
65
79
79
59
65
78
81
79
74
83
67
76
81
88
72
94
77
83
78
84
89
93
89
103
98
103
89
92
103
83
93
96
105
107
95
95
95
101
108
77
102
103
100
104
129
82
90
123
106
103
123
120
110
119
132
125
99
117
126
129
125
119
119
119
135
145
131
145
128
146
126
138
134
137
129
152
148
152
129
132
178
137
124
136
152
146
122
168
133
157
156
171
156
180
157
155
150
179
138
152
150
181
152
160
148
144
162
166
177
161
162
160
175
183
175
197
198
166
179
201
175
178
173
156
179
154
185
178
169
184
163
152
184
177
178
172
179
174
188
208
187
176
179
183
189
161
180
195
202
190
208
188
181
172
168
176
166
198
183
171
197
179
182
183
187
182
168
185
184
179
164
179
174
185
191
162
170
190
174
160
174
159
183
191
179
174
156
181
176
178
175
161
165
165
165
167
141
165
145
147
167
161
149
150
155
138
166
150
159
148
139
148
140
133
148
130
125
132
129
145
134
139
120
137
131
139
140
124
126
137
128
104
114
128
132
120
129
131
118
100
113
112
119
115
105
121
125
109
101
107
103
75
129
107
94
98
73
103
107
89
94
81
98
86
99
90
82
71
87
79
100
73
91
89
88
77
78
75
93
82
54
79
82
77
82
74
72
73
53
63
67
65
67
56
61
56
54
56
63
57
66
67
60
53
49
45
58
62
42
41
57
52
58
44
63
52
59
51
55
47
37
41
41
45
44
40
38
49
45
43
32
38
37
47
40
37
45
31
44
40
34
49
47
40
35
37
41
35
36
46
35
42
36
38
33
35
31
36
31
33
40
42
32
45
34
44
35
40
43
29
28
29
31
43
47
30
37
32
39
31
41
33
31
40
33
31
28
26
38
43
25
28
37
37
37
22
33
32
32
27
26
35
34
36
27
27
24
26
28
32
41
26
36
38
49
30
34
27
33
42
31
29
28
40
29
35
32
26
35
38
39
34
35
43
36
26
35
35
29
38
16
33
40
26
28
26
40
40
32
34
26
34
33
34
22
27
37
32
20
36
42
25
30
28
36
42
35
40
40
40
26
40
39
31
31
33
31
39
41
34
20
28
43
31
36
43
32
36
38
25
31
34
34
38
31
30
24
27
32
43
39
42
32
32
29
39
30
33
33
34
34
37
28
25
35
31
29
34
38
35
23
22
36
28
33
28
28
29
24
36
33
32
34
40
43
30
32
29
32
26
40
36
25
32
26
40
29
36
22
29
39
28
27
35
34
32
24
36
35
29
23
43
35
36
35
22
30
20
29
38
32
29
27
30
25
28
33
22
36
27
23
37
33
28
24
21
30
21
26
22
23
30
28
30
23
28
30
28
30
28
26
31
28
29
31
28
26
28
21
25
28
28
27
17
21
37
21
33
28
32
25
24
29
29
24
28
24
32
24
23
24
31
25
23
25
33
20
14
34
27
25
19
24
16
27
23
18
32
24
23
30
23
25
25
21
19
26
22
17
29
21
26
17
30
31
15
27
35
29
33
29
26
19
27
29
27
23
25
34
14
30
16
24
16
25
22
22
15
24
18
19
26
24
25
21
24
33
22
16
16
22
24
20
23
23
24
21
17
23
16
17
22
18
22
13
17
27
25
13
13
18
22
24
23
29
16
16
25
24
24
26
24
20
16
22
16
20
16
24
10
14
22
16
26
20
32
15
17
22
18
26
19
19
21
16
17
23
28
20
15
19
14
24
20
12
17
18
24
20
30
21
25
19
13
15
29
17
14
22
31
17
18
19
22
20
23
14
23
20
20
25
24
21
33
17
23
22
14
21
19
16
16
25
19
15
27
19
18
20
19
17
19
23
22
27
19
17
19
16
20
21
18
26
23
14
15
15
22
23
17
23
25
18
18
15
17
29
10
17
21
22
21
29
17
25
19
18
20
24
20
18
20
16
23
14
21
23
23
30
20
25
20
30
27
31
22
23
15
23
27
25
31
29
27
27
24
18
20
27
18
23
21
11
22
37
27
26
23
19
26
21
29
27
31
21
27
23
32
32
27
36
20
25
23
25
26
29
26
24
23
35
28
27
26
25
32
23
22
23
30
32
31
21
29
26
22
29
25
26
20
28
34
27
26
28
28
32
25
21
18
42
21
37
33
24
28
25
29
26
26
28
32
39
39
27
30
28
30
30
28
26
24
30
29
28
24
32
25
27
32
32
33
31
31
39
32
33
32
36
38
29
29
25
39
33
25
34
31
25
29
29
22
33
27
34
35
34
29
28
40
31
31
27
34
35
35
41
30
26
29
20
23
29
25
27
26
27
24
34
29
31
33
32
24
24
28
30
31
36
38
23
26
30
29
24
28
25
26
28
30
40
28
31
29
29
27
34
36
31
42
30
28
36
25
28
22
25
31
20
26
32
18
26
24
25
40
42
21
25
28
23
28
19
28
27
17
26
27
21
24
25
21
27
27
34
26
26
25
31
22
28
21
28
26
29
27
29
28
18
28
24
30
26
18
20
21
18
22
27
25
20
24
26
18
17
31
20
26
22
28
23
24
20
18
25
24
34
22
23
12
21
21
28
23
16
21
17
20
19
19
13
18
27
16
19
17
16
19
23
21
17
33
20
17
25
24
17
20
22
19
31
22
15
22
25
17
14
31
22
15
16
14
12
24
11
23
17
19
17
22
18
17
17
20
16
17
16
17
26
18
18
24
23
16
16
16
18
13
21
20
29
22
16
15
23
29
15
18
18
18
25
21
13
16
13
21
11
19
10
20
13
21
25
23
22
26
21
16
21
19
14
17
21
18
24
23
22
19
19
15
17
16
21
24
13
17
12
19
15
18
13
20
18
16
16
22
15
26
18
22
19
20
15
21
23
21
14
22
22
19
17
23
12
20
17
14
18
21
15
14
13
21
19
16
24
15
15
18
17
15
17
22
11
13
17
15
17
11
11
27
14
20
19
18
15
15
15
23
28
23
13
15
13
8
17
16
15
17
17
16
20
17
13
15
24
17
28
19
30
18
22
11
21
15
12
19
24
23
15
16
19
10
14
17
28
12
18
14
15
11
18
12
16
12
12
17
18
21
17
14
15
12
19
14
13
7
12
15
19
19
14
15
8
14
13
19
22
20
24
13
16
11
15
10
10
23
18
22
17
21
15
20
18
19
23
20
13
17
15
17
11
10
18
12
13
18
22
23
12
21
18
12
15
12
14
14
11
16
23
17
19
20
11
21
22
18
12
15
11
15
11
14
18
6
12
14
13
9
13
11
17
16
9
12
14
21
16
15
14
24
12
11
14
12
13
17
14
17
12
16
18
18
13
11
12
16
13
10
17
15
17
14
12
15
16
16
19
20
20
14
17
14
12
12
10
17
20
19
15
8
20
12
20
15
11
13
17
19
3
9
12
16
9
6
14
13
13
9
12
19
15
15
20
10
19
10
15
11
16
16
18
14
8
11
8
16
17
20
17
9
12
13
12
15
10
13
16
15
13
13
25
12
9
12
16
15
20
16
11
12
21
12
9
17
13
17
12
18
11
15
13
15
11
22
20
7
16
9
19
18
10
11
7
16
9
15
12
9
29
8
20
8
12
11
11
11
15
14
11
11
15
12
19
7
14
11
20
17
17
19
9
11
12
11
19
14
15
12
15
12
14
13
16
10
9
11
13
16
11
13
12
18
17
12
12
17
20
11
12
15
22
11
9
10
9
14
13
16
15
10
9
19
17
11
15
13
11
14
12
19
8
14
7
14
14
14
13
8
14
18
8
13
13
13
15
14
18
17
13
10
8
13
17
14
8
14
12
10
10
14
21
14
11
14
16
8
5
11
13
14
12
13
8
16
15
13
13
13
14
14
17
9
18
10
12
8
10
15
19
10
9
8
14
16
21
8
13
22
10
8
12
13
16
15
8
10
16
10
8
13
14
10
13
11
9
11
11
13
17
11
18
10
13
4
15
11
12
17
17
23
12
14
10
19
17
12
12
8
15
13
17
16
22
18
13
14
15
9
12
17
11
10
16
7
12
14
15
15
16
18
12
12
18
10
10
14
17
14
11
14
12
19
10
20
7
10
18
8
12
9
10
12
18
15
9
9
11
10
10
14
16
17
16
19
6
15
9
13
20
16
17
13
13
17
22
11
8
14
17
12
15
12
6
17
17
9
18
13
6
24
14
16
21
18
11
20
12
11
14
26
7
9
14
18
12
20
15
7
20
21
13
21
11
16
19
18
21
16
19
13
18
18
15
19
22
15
16
19
11
16
17
17
13
18
13
16
13
15
21
14
19
19
17
16
22
19
13
14
12
26
23
16
12
18
18
19
15
17
17
26
14
20
13
19
17
26
13
21
20
16
23
17
16
15
13
15
26
21
19
10
23
19
12
18
19
17
22
17
20
11
23
19
23
20
26
23
15
13
23
25
16
25
16
20
28
18
24
20
18
25
25
19
20
22
39
17
20
20
27
23
17
21
23
18
26
19
18
19
20
17
19
20
23
24
21
16
27
31
19
24
20
28
27
29
28
23
24
14
22
17
21
24
23
25
18
15
26
28
29
18
21
24
22
26
24
34
25
15
18
21
21
24
16
18
22
19
27
21
17
21
26
16
26
15
17
30
19
21
20
19
24
27
23
18
20
21
25
22
28
19
25
22
11
28
26
22
21
26
32
21
24
21
27
24
24
30
22
24
35
20
22
19
16
29
23
21
25
16
13
25
26
27
22
22
21
27
24
19
16
14
23
30
20
22
17
10
21
19
23
23
17
16
18
17
15
16
14
21
14
21
13
18
19
22
20
18
19
16
18
19
17
26
22
26
19
16
16
19
14
12
18
13
24
16
26
17
15
21
22
13
25
22
22
18
25
15
20
19
26
23
21
21
22
21
19
17
15
17
20
14
12
15
23
16
21
20
16
18
15
18
19
20
19
18
20
19
18
16
18
20
22
17
12
15
26
24
19
11
12
23
28
15
14
17
22
18
17
13
24
19
13
23
16
9
17
13
13
22
15
11
22
19
22
11
10
25
20
15
14
14
18
17
22
19
18
18
13
13
17
20
11
20
19
10
15
20
20
24
14
15
13
11
15
12
16
15
15
22
18
18
16
31
17
23
11
22
27
12
23
13
14
24
15
16
12
17
13
15
24
15
16
16
11
13
18
11
12
16
13
15
14
18
18
12
18
12
7
19
23
22
22
21
14
11
18
9
14
14
21
11
20
15
15
29
16
16
14
15
17
23
15
19
13
18
10
24
13
15
19
15
19
13
15
19
20
14
24
21
18
14
17
12
13
17
17
24
18
19
19
12
19
12
13
15
14
16
11
8
20
13
17
20
15
15
16
23
14
14
16
17
10
10
13
15
11
16
18
19
19
13
11
24
16
18
16
17
15
12
13
9
17
24
14
19
24
15
20
14
24
17
21
15
19
15
16
16
14
19
16
10
19
17
20
13
8
13
18
12
11
16
11
20
12
15
13
17
19
17
14
24
16
12
19
12
24
15
16
20
19
21
12
17
22
16
16
24
19
14
17
19
14
15
19
12
16
16
14
17
20
16
17
13
11
22
14
13
15
23
9
14
16
16
22
14
29
13
18
10
14
12
15
9
18
19
16
10
20
14
18
14
15
18
20
21
15
14
18
22
15
14
28
13
14
20
23
13
18
15
8
15
9
14
12
13
19
20
20
13
18
19
10
22
20
19
16
13
13
11
15
14
22
21
8
18
17
16
12
14
15
8
11
25
17
13
11
15
16
12
15
11
12
19
8
9
11
12
20
9
15
15
21
16
15
11
8
13
9
10
19
14
19
21
17
15
7
16
14
11
13
13
8
10
11
12
15
13
15
6
11
10
13
12
13
15
14
13
17
13
13
13
12
17
16
14
8
14
10
12
14
10
9
16
8
12
17
11
13
11
8
13
14
17
11
15
11
15
18
6
17
13
9
19
14
14
15
11
8
7
11
16
11
18
15
10
12
13
13
10
11
15
16
16
8
11
14
19
13
15
16
7
15
18
12
7
11
15
12
8
11
13
7
18
10
6
11
12
8
15
13
9
11
6
12
9
6
14
6
7
11
8
9
11
8
15
9
9
8
11
13
11
6
7
7
7
6
8
6
10
13
7
15
11
8
7
6
16
4
9
12
17
8
10
10
5
10
12
10
13
8
16
8
7
10
13
9
16
11
6
10
10
9
11
7
7
9
7
8
8
8
13
10
8
8
5
11
2
10
12
13
6
11
8
11
7
8
14
3
4
9
9
9
7
5
7
10
9
7
3
9
9
7
15
5
8
5
7
10
6
9
12
6
5
9
8
8
5
5
9
11
2
6
11
8
8
8
11
5
7
6
7
7
9
7
13
6
6
11
13
2
4
12
7
13
8
7
6
8
3
5
5
7
4
8
6
6
13
5
11
4
6
6
9
10
9
7
10
8
7
8
7
11
6
5
5
5
5
3
6
3
7
9
9
6
12
6
7
6
14
6
4
3
6
5
6
8
5
6
9
9
3
9
8
5
3
10
5
2
5
7
11
8
8
7
3
4
9
6
5
10
6
4
6
7
4
9
4
10
4
3
4
8
3
3
6
1
6
3
3
5
7
3
7
7
7
5
3
6
5
5
4
3
3
4
6
3
9
3
3
5
4
6
6
7
4
4
6
6
2
6
4
9
1
7
6
7
5
3
9
6
8
5
4
6
7
3
7
3
7
4
8
5
3
1
6
3
8
4
5
7
2
7
6
0
10
2
2
2
6
5
4
9
1
6
6
4
8
5
4
5
9
5
6
5
1
3
3
3
2
5
3
3
3
5
6
4
6
6
5
2
5
2
3
4
7
3
6
5
3
3
3
4
8
8
3
2
10
7
4
0
4
5
3
7
3
4
6
4
4
3
5
2
3
0
3
3
8
8
7
2
3
4
2
8
3
4
3
2
2
5
3
6
3
3
4
2
4
5
2
5
8
5
3
4
7
1
1
7
2
2
4
4
0
4
5
2
3
3
2
5
7
3
4
7
4
4
5
5
8
4
1
3
2
3
4
5
2
2
3
9
5
3
2
6
2
3
3
9
9
7
6
2
5
4
5
4
4
4
6
2
0
4
4
4
2
3
9
3
2
3
4
7
5
2
4
6
2
3
4
4
5
3
6
1
5
4
2
5
3
3
4
4
4
3
9
3
3
4
6
6
9
7
2
8
8
5
6
2
4
6
12
3
5
2
4
5
7
7
7
8
5
4
7
6
5
6
5
8
8
6
9
12
11
9
11
6
7
11
6
5
3
7
15
7
9
8
12
11
12
10
7
6
15
9
8
9
6
14
9
6
9
17
11
6
13
11
13
12
12
8
12
9
16
18
7
11
7
13
18
14
17
11
10
9
10
11
12
14
14
11
14
8
12
14
17
18
8
15
13
14
16
18
16
13
11
13
20
15
15
22
23
12
17
11
19
21
14
30
20
23
15
28
15
17
29
18
22
19
14
21
12
22
20
22
27
14
19
16
20
16
23
25
24
28
26
17
21
24
18
30
19
17
19
28
21
26
27
23
25
29
21
16
25
27
26
23
28
24
23
28
22
33
22
23
22
29
24
20
25
22
24
32
25
29
24
29
27
18
24
38
35
22
25
30
34
27
27
21
23
27
35
35
30
36
24
28
30
29
29
28
25
29
23
27
29
37
26
25
33
28
22
27
43
34
37
34
27
29
24
34
33
27
29
31
30
30
21
26
35
34
23
39
28
32
27
30
28
33
30
32
28
23
38
27
23
22
30
33
25
24
25
25
39
30
31
24
26
24
18
35
31
28
23
21
24
33
27
27
31
24
27
22
23
26
24
23
23
18
21
23
24
25
19
24
24
21
21
22
26
30
30
31
24
20
27
29
21
27
32
27
28
32
28
28
25
23
28
19
20
19
24
29
29
18
20
28
25
24
23
21
21
25
21
22
24
29
25
17
16
20
17
19
18
25
19
20
29
18
17
17
18
9
15
19
18
15
20
12
16
17
22
17
17
15
14
10
16
18
19
19
14
17
15
20
8
14
21
17
21
13
18
10
16
18
14
14
10
23
16
14
16
11
11
12
16
12
9
14
9
12
13
17
7
13
9
13
11
9
10
7
7
9
14
10
7
10
9
11
16
16
6
12
13
6
10
9
6
6
12
7
6
14
7
16
7
9
8
1
10
6
6
5
4
7
9
8
9
4
10
7
3
9
10
7
6
4
7
4
6
3
2
5
3
3
3
5
4
9
9
4
7
8
2
4
5
6
5
6
4
4
8
11
5
2
5
7
1
8
1
3
6
4
4
7
4
5
3
5
7
1
2
4
2
6
2
2
5
3
1
4
1
2
2
3
3
7
6
2
5
5
2
2
2
3
5
3
5
4
4
2
2
4
4
3
2
1
6
1
3
0
5
2
4
3
5
2
7
2
4
7
2
4
1
2
5
2
1
4
2
2
1
1
0
5
0
2
0
4
0
2
1
3
1
2
1
2
4
2
3
0
1
2
2
3
0
2
3
3
2
0
1
3
2
2
1
2
3
2
2
2
4
1
1
1
2
0
0
3
2
2
1
2
3
0
1
0
2
2
0
0
0
1
2
2
0
1
0
1
2
2
2
1
0
1
1
1
1
1
0
0
2
1
1
1
1
1
3
0
0
1
2
1
1
3
1
1
1
3
2
1
1
1
1
1
2
1
2
0
0
0
0
2
2
0
3
0
0
1
1
0
1
0
3
0
0
1
0
2
2
1
0
1
0
1
1
1
0
1
1
0
0
1
2
0
0
1
0
0
5
0
1
3
2
0
2
2
1
0
1
2
1
1
0
2
1
1
1
0
0
0
2
1
0
1
3
1
2
0
0
0
1
1
3
1
0
2
0
3
0
1
0
1
1
1
2
2
0
1
3
1
0
1
1
1
1
2
1
1
2
2
0
3
1
0
2
0
0
2
2
1
1
2
2
0
0
1
2
1
0
2
4
0
1
0
1
0
0
1
0
0
3
1
1
1
1
1
1
2
0
0
3
3
1
1
2
1
4
0
0
1
0
1
2
0
2
1
0
0
1
1
0
2
1
2
2
0
1
0
1
1
3
1
1
3
1
1
0
1
1
1
0
3
1
2
1
0
1
2
0
0
0
1
5
0
0
2
0
2
1
0
0
0
0
0
0
0
0
2
0
1
0
2
2
0
2
1
1
0
2
2
2
0
0
1
0
3
0
1
0
0
0
0
0
1
0
0
0
0
1
2
0
1
1
1
5
0
0
2
3
1
2
1
1
1
0
0
1
0
1
3
4
0
1
0
1
1
0
0
3
1
4
2
