10792
10800
0
0
0
0
0
0
0
0
0
0
0
0
0
0
0
0
0
0
0
0
0
0
0
0
0
0
0
0
0
0
0
0
0
0
0
0
0
0
0
0
0
0
0
0
0
0
0
0
0
0
0
0
0
0
0
0
0
0
0
0
0
0
0
0
0
0
0
0
0
0
0
0
0
0
0
0
0
0
0
0
0
1
87
244
320
271
287
321
305
295
314
319
295
319
291
331
297
353
339
328
338
361
314
338
326
361
355
326
317
389
336
371
352
392
370
339
363
392
390
375
413
391
384
376
408
416
451
418
415
397
479
436
461
422
457
431
452
488
499
485
530
496
483
494
497
489
511
539
521
554
512
556
549
567
581
556
580
575
637
606
618
600
664
650
645
646
684
715
695
645
696
728
721
731
764
745
782
783
808
824
788
826
859
844
856
893
876
853
871
927
901
947
928
955
1026
1022
1026
1037
1038
1021
990
1031
1042
1065
1099
1111
1108
1112
1145
1143
1180
1187
1119
1183
1343
1283
1275
1297
1330
1344
1314
1325
1416
1381
1444
1435
1414
1461
1501
1463
1508
1539
1512
1577
1556
1523
1528
1571
1519
1566
1626
1532
1639
1594
1555
1566
1602
1686
1575
1511
1634
1616
1533
1596
1603
1673
1638
1620
1572
1598
1571
1623
1589
1546
1540
1582
1576
1539
1596
1558
1605
1454
1471
1494
1504
1497
1535
1513
1529
1541
1487
1424
1460
1516
1499
1466
1480
1477
1513
1439
1379
1449
1395
1419
1447
1462
1441
1443
1334
1455
1400
1413
1385
1375
1361
1401
1420
1353
1298
1288
1383
1377
1380
1321
1335
1352
1313
1307
1378
1313
1349
1329
1253
1323
1322
1336
1332
1297
1297
1339
1280
1295
1278
1345
1307
1272
1282
1349
1312
1276
1252
1287
1238
1315
1228
1260
1243
1309
1291
1259
1237
1273
1224
1295
1268
1207
1229
1217
1252
1213
1166
1204
1235
1224
1168
1269
1194
1202
1225
1236
1166
1213
1264
1216
1131
1196
1241
1176
1210
1172
1191
1285
1171
1226
1139
1121
1123
1140
1170
1123
1187
1167
1159
1205
1110
1184
1173
1142
1122
1074
1104
1126
1098
1155
1168
1042
1133
1108
1089
1118
1147
1110
1099
1062
1149
1020
1045
1078
1058
1114
1102
1045
1043
1047
1104
1039
1105
1006
1082
1060
1094
969
1114
1018
1039
1047
1058
1000
1052
1026
1034
994
984
975
1001
1081
1003
1049
945
995
991
1017
1002
965
957
920
1005
1000
923
987
943
919
917
941
934
934
982
919
886
914
946
947
890
907
906
895
849
906
858
907
928
921
906
919
852
835
904
881
923
905
848
881
857
865
821
793
868
870
778
818
818
856
818
822
759
803
869
837
799
811
823
796
767
751
837
801
785
815
772
807
747
788
776
792
757
787
722
761
773
795
800
726
762
808
753
738
786
754
759
749
756
731
770
736
741
748
690
743
739
713
681
708
655
706
729
689
709
729
733
722
727
675
670
672
700
713
687
727
718
639
677
640
666
710
684
724
713
648
671
649
655
680
682
684
644
658
658
645
607
645
643
633
669
643
571
627
607
621
594
634
634
649
597
660
646
634
632
563
613
595
618
566
592
600
610
606
592
583
623
576
564
580
541
576
557
610
568
607
625
599
551
606
585
609
614
551
530
549
538
541
534
595
569
556
557
503
524
554
535
543
538
571
557
531
514
541
521
522
524
558
510
540
532
561
508
530
566
548
542
528
486
535
494
546
480
509
534
472
529
492
508
508
507
523
486
503
496
506
505
515
481
504
505
514
493
527
516
520
490
485
481
508
511
512
479
491
517
464
471
485
521
492
477
512
525
459
481
488
463
459
453
477
490
463
490
473
466
451
443
482
486
458
472
428
466
437
457
425
451
457
434
476
409
447
416
417
409
444
454
455
435
418
408
431
429
420
383
416
395
424
408
385
394
403
388
391
383
383
404
412
347
395
353
358
358
393
372
367
373
365
371
381
339
377
381
346
353
338
366
358
348
350
337
333
361
305
334
329
306
336
322
337
319
324
324
371
342
321
361
354
298
305
329
299
333
331
330
314
282
317
313
298
309
300
304
319
300
306
326
283
299
309
286
281
312
288
330
295
303
317
304
295
286
308
333
269
307
288
292
312
281
291
289
290
313
290
258
270
277
297
272
278
255
295
262
278
295
279
267
308
295
271
284
297
310
284
268
256
289
266
298
266
264
273
304
269
231
285
244
263
238
243
278
261
273
245
262
256
297
250
279
219
240
276
238
230
259
250
261
261
272
241
251
250
250
278
252
230
221
239
236
238
221
249
243
231
218
251
246
231
234
248
198
202
240
218
231
209
194
236
202
218
228
209
244
227
251
192
189
218
220
195
207
204
205
221
230
195
213
236
237
194
207
217
204
218
183
187
204
209
201
225
215
213
210
189
199
200
222
215
187
182
202
194
226
194
190
208
209
207
200
217
198
211
222
202
178
203
191
219
195
209
187
223
213
207
191
206
229
207
196
181
202
229
168
207
202
189
167
201
199
221
160
175
217
199
200
197
204
214
180
195
191
184
176
219
178
196
198
208
204
203
209
209
185
159
198
198
201
184
190
199
197
202
173
194
202
197
184
144
177
196
213
177
170
186
157
224
180
194
188
186
186
156
161
177
173
180
190
179
162
158
169
175
167
186
171
168
146
167
158
174
188
163
157
164
190
166
160
154
162
160
153
162
155
167
167
132
144
146
129
164
165
152
169
145
124
167
146
128
124
144
166
145
145
146
156
140
129
145
143
133
161
150
102
153
135
146
148
136
132
116
136
117
141
116
127
134
143
134
107
111
139
123
121
105
128
139
111
124
124
144
120
141
137
124
108
117
124
127
128
111
127
101
98
118
122
114
118
118
112
106
113
109
129
126
132
107
121
110
120
103
134
110
110
109
128
105
100
109
132
113
120
114
108
103
96
111
113
112
122
117
115
112
97
122
92
103
108
117
104
130
105
100
112
113
95
116
108
124
103
96
99
104
108
113
118
120
102
95
105
116
89
120
119
124
101
95
98
102
100
92
109
92
102
119
114
91
98
89
112
103
104
99
95
85
110
103
94
102
99
98
100
100
86
114
105
105
90
83
100
94
101
100
95
99
87
100
80
86
87
97
107
100
96
86
96
99
98
82
98
93
85
89
105
107
104
103
95
92
87
89
114
97
93
99
101
103
96
99
63
89
83
102
96
94
80
86
92
97
101
82
97
100
81
89
91
79
97
81
75
102
85
93
94
93
92
99
81
88
88
100
79
95
92
91
91
101
94
93
91
94
106
85
94
93
85
92
86
101
92
95
94
73
80
83
110
94
67
67
72
78
96
115
96
81
75
78
82
85
103
86
86
89
77
96
84
86
87
105
83
79
81
76
83
71
81
78
70
88
82
93
80
89
88
93
66
81
80
87
97
96
74
84
82
84
75
103
79
88
75
73
85
99
80
76
67
90
76
78
82
86
65
97
75
83
80
91
66
72
86
85
75
75
86
90
84
86
78
73
85
81
73
91
86
73
82
85
102
92
88
78
78
71
92
76
63
86
84
94
83
80
74
69
102
100
77
83
68
95
82
69
76
89
83
88
67
88
78
89
65
87
84
87
80
81
90
88
90
83
66
79
75
93
73
93
67
66
102
74
76
64
73
81
87
81
85
89
97
80
69
74
67
99
79
74
69
94
75
63
66
73
78
75
88
59
89
82
84
79
78
81
74
72
78
72
85
74
78
71
70
60
73
84
68
92
84
68
62
65
81
85
63
69
84
67
63
77
69
93
65
69
73
57
63
61
70
84
72
62
62
56
69
56
62
74
65
64
67
78
73
74
73
64
59
75
73
78
63
66
60
63
64
58
73
59
59
82
76
60
61
54
47
53
63
62
56
52
69
61
52
62
66
48
46
47
68
60
61
74
48
58
82
65
82
54
71
61
64
63
63
55
68
59
59
60
56
59
73
53
71
64
50
75
62
56
61
53
56
63
57
78
80
67
67
59
54
50
65
65
67
66
65
55
59
75
73
56
52
77
66
57
69
56
77
63
63
66
58
58
59
55
63
89
82
66
69
60
71
62
73
66
67
82
70
58
56
64
65
61
63
75
72
66
74
64
67
65
70
57
79
73
61
68
61
58
70
61
76
70
66
87
63
54
78
48
82
68
64
61
66
73
58
64
71
60
76
67
61
77
69
75
81
74
60
63
66
70
73
60
72
69
76
71
73
57
74
83
58
72
76
67
66
61
63
51
69
60
75
69
71
77
70
72
71
75
56
78
68
74
63
69
70
71
64
57
62
74
68
72
65
73
78
66
77
64
62
72
67
68
80
64
63
58
72
60
46
61
56
48
77
57
55
63
56
66
60
55
46
75
64
59
58
53
78
57
47
61
64
62
50
54
47
58
70
61
53
55
50
60
63
53
46
68
63
58
58
44
60
49
50
58
61
40
54
41
56
45
47
43
47
50
58
42
49
47
48
43
58
34
45
53
59
39
73
49
41
48
55
46
41
53
42
50
47
54
42
46
51
46
35
33
51
49
40
47
29
48
43
45
40
38
49
38
40
38
43
39
41
38
49
47
33
41
42
48
43
47
35
39
39
28
41
38
36
32
42
51
45
34
56
42
35
48
45
47
44
43
38
39
41
31
37
33
40
43
41
36
37
37
36
48
40
38
29
45
38
36
45
34
28
33
40
41
43
34
43
37
25
40
39
34
41
42
47
42
42
29
43
35
42
32
45
50
35
42
40
38
26
33
34
32
36
38
45
35
26
46
38
41
38
41
35
39
25
33
37
34
41
41
38
36
37
38
46
42
33
47
41
45
32
23
27
48
33
41
37
46
29
29
35
42
42
39
37
33
34
35
31
44
22
36
42
33
31
27
32
40
35
40
35
30
34
26
35
29
33
34
38
40
32
33
41
39
40
36
35
36
35
28
39
36
39
42
41
35
49
29
38
30
39
39
35
34
26
41
36
32
30
39
29
38
46
32
27
33
29
40
39
37
37
33
39
24
35
26
49
43
41
41
44
37
39
37
34
38
38
32
39
38
35
30
40
38
32
34
42
43
34
38
35
38
32
42
24
36
46
22
47
36
34
35
32
33
32
34
37
33
36
35
28
40
37
25
28
33
37
37
31
35
35
34
28
36
41
35
39
36
30
37
44
38
36
41
27
42
41
41
40
34
34
36
40
40
27
40
29
33
37
37
38
35
30
38
36
25
42
41
33
37
31
22
35
42
25
37
32
38
42
37
28
36
37
38
37
33
27
25
35
23
28
25
25
43
37
26
31
42
30
34
34
31
36
36
30
42
25
26
38
33
34
29
26
40
29
44
38
23
37
28
27
42
36
36
31
27
38
24
30
29
33
42
28
37
26
35
38
32
42
35
26
36
38
39
30
25
32
31
42
36
29
37
26
27
29
37
30
30
28
46
27
31
30
30
36
27
33
30
30
35
27
30
28
26
30
33
33
31
35
25
31
33
39
38
30
37
41
36
25
29
28
31
31
31
31
26
31
23
21
30
41
28
30
37
38
40
29
33
31
53
27
32
28
29
27
33
31
37
32
28
22
26
31
28
36
25
23
24
27
29
33
22
29
27
29
25
30
28
32
34
26
23
24
22
30
38
31
28
28
34
35
30
21
25
29
28
16
21
23
22
24
27
30
20
25
32
30
26
32
24
30
26
31
25
26
27
29
23
36
32
27
32
27
36
28
26
29
24
40
26
21
19
28
24
22
31
18
26
14
32
17
20
27
27
30
29
18
36
29
23
25
33
32
31
32
29
29
29
25
27
26
34
28
35
23
28
25
34
28
30
25
32
21
24
27
29
22
30
26
36
24
26
33
27
33
29
29
32
26
32
32
27
18
22
22
28
29
28
32
37
27
32
25
20
16
27
32
32
24
24
26
19
19
16
33
24
19
19
25
23
25
30
23
30
25
25
31
22
25
28
24
36
29
32
30
29
30
28
29
27
37
21
34
30
18
46
25
21
21
19
19
16
25
32
23
21
34
34
30
23
33
26
29
27
20
23
30
32
28
26
29
21
21
25
20
32
38
16
21
32
25
14
30
27
27
26
26
34
33
32
36
26
42
29
30
33
42
28
34
28
23
31
38
26
23
19
19
38
29
42
18
32
29
28
23
28
26
34
33
24
26
28
33
29
27
29
21
16
26
24
37
21
32
29
28
40
25
23
35
28
35
26
30
39
31
23
30
23
19
36
28
22
31
32
29
38
27
22
30
22
26
32
31
31
28
35
34
33
22
24
34
34
33
27
30
30
32
23
30
33
30
28
26
33
31
33
22
23
36
33
31
20
31
32
34
20
28
24
32
30
32
30
23
26
26
22
28
22
19
20
23
23
24
22
29
42
28
33
23
22
28
22
28
24
27
18
27
24
32
24
38
30
35
25
34
28
23
28
25
22
26
28
28
32
26
24
26
35
34
31
35
27
31
30
43
33
39
29
21
26
32
34
26
27
25
18
28
22
26
26
33
23
25
38
26
27
23
36
21
30
26
18
19
27
25
18
24
24
26
20
28
22
22
22
26
22
38
30
31
30
23
26
29
26
28
35
22
24
31
24
32
32
30
38
31
35
24
27
28
39
30
23
32
31
33
22
28
31
27
32
16
23
22
23
25
29
24
25
21
25
21
33
28
20
28
13
21
19
28
30
26
24
29
36
26
27
21
31
31
26
21
31
17
26
26
30
22
24
26
25
21
20
18
27
18
28
27
32
20
19
26
30
20
25
24
25
17
18
15
21
23
30
33
19
23
22
18
24
24
25
25
26
22
18
20
27
19
23
26
24
25
23
19
29
20
28
16
29
16
21
22
24
29
19
29
18
15
16
9
23
20
17
18
13
24
11
27
18
22
14
22
25
18
24
19
30
17
26
22
17
28
18
14
22
20
20
21
12
21
27
25
16
23
17
16
17
32
21
10
17
16
18
19
20
27
27
20
27
20
14
22
21
20
16
22
14
19
13
14
12
21
29
23
20
22
27
18
20
10
24
22
16
33
8
19
18
14
17
16
32
24
15
21
24
16
18
17
19
24
22
25
17
14
23
14
25
16
10
22
19
16
12
16
23
20
21
20
13
13
14
27
18
21
17
18
20
14
17
15
24
29
15
13
14
18
15
25
12
21
18
21
17
19
19
18
21
22
26
13
23
22
23
20
27
20
18
22
24
24
16
15
24
14
19
14
21
20
25
16
19
21
20
24
20
16
25
16
19
14
21
19
24
26
22
12
19
15
15
22
15
19
17
17
21
16
19
13
18
23
18
18
14
18
21
24
10
19
28
18
15
21
17
18
19
15
30
23
24
25
21
21
22
17
15
16
23
18
18
23
17
26
19
16
20
21
18
20
27
16
18
20
18
24
21
18
19
28
19
22
24
14
21
23
21
16
23
14
16
29
17
11
27
19
29
19
27
20
13
19
14
33
25
17
26
16
14
20
22
19
24
14
17
18
23
19
17
15
23
20
21
24
17
22
19
19
25
23
25
17
13
20
18
20
11
20
15
24
22
23
29
19
7
22
28
20
21
23
15
22
24
18
23
24
16
28
31
29
26
21
18
24
22
19
26
22
25
19
18
20
21
19
27
16
22
20
21
28
15
15
21
21
22
26
24
17
17
14
23
17
23
25
25
18
22
18
33
8
18
32
34
20
19
20
30
23
20
15
15
12
14
22
25
19
15
23
18
18
18
29
16
14
23
18
16
25
23
16
30
19
16
29
27
24
10
24
19
18
25
24
16
18
18
17
11
27
19
19
13
19
23
21
17
18
17
18
20
14
19
16
21
19
16
16
19
19
23
16
22
25
11
14
19
15
15
15
18
24
25
17
26
15
18
23
16
7
15
21
20
14
18
13
18
19
24
20
19
14
16
15
16
23
16
17
21
13
17
18
23
12
17
19
13
12
26
19
24
16
19
14
17
13
20
13
24
8
20
20
17
16
14
8
15
25
17
19
14
8
15
18
14
22
19
18
21
18
16
20
22
15
20
14
18
16
15
13
20
18
21
20
16
22
13
12
15
12
18
24
16
21
17
8
9
14
13
21
21
11
11
21
13
17
17
19
17
12
11
22
16
16
18
13
16
14
21
16
17
19
16
10
15
16
12
11
13
14
14
17
16
18
14
12
19
20
14
20
16
18
11
20
16
15
11
12
18
20
16
16
19
10
20
15
18
19
17
13
8
6
12
25
18
13
13
20
14
23
9
13
23
13
20
20
11
26
10
15
18
13
19
12
11
10
15
16
10
13
21
10
21
14
11
18
14
9
16
9
23
14
8
13
20
17
13
20
19
15
10
19
18
15
7
9
12
10
19
11
17
15
10
13
18
9
13
14
16
14
7
14
17
11
13
8
12
8
15
14
11
18
13
16
15
13
18
19
12
12
8
14
16
11
20
15
17
9
7
15
9
15
10
16
12
12
13
7
8
13
14
8
12
10
7
15
10
9
10
11
14
13
13
21
11
11
14
7
9
9
15
3
10
8
10
11
15
8
14
12
6
13
13
12
11
14
15
17
10
13
7
8
9
14
13
13
11
10
11
9
8
10
14
13
8
12
15
13
9
10
8
9
8
6
9
11
11
10
11
6
13
17
6
12
12
10
10
18
12
9
14
4
7
7
15
12
10
7
11
8
12
8
12
19
23
9
18
9
9
11
11
5
12
9
13
11
12
10
10
11
10
14
6
7
14
9
11
8
5
8
8
6
9
4
9
6
9
8
8
8
12
8
12
4
6
10
10
11
10
10
8
9
9
6
14
15
12
6
9
7
5
6
6
11
9
11
3
9
11
6
5
13
14
5
9
2
8
3
5
6
11
9
6
8
13
5
6
10
10
15
10
8
7
4
4
6
8
8
8
3
4
9
12
8
8
8
9
6
10
4
9
5
8
11
7
11
10
12
6
6
14
11
9
7
8
8
5
8
7
6
8
8
6
3
10
9
10
5
9
5
14
13
4
7
8
15
6
4
4
8
9
10
8
7
11
12
7
5
7
12
11
7
8
7
12
12
13
16
9
12
9
9
13
5
11
9
6
6
8
8
11
11
4
10
8
9
6
9
11
9
4
8
7
8
9
10
12
11
11
12
7
8
6
10
5
13
6
9
8
9
6
15
8
7
12
11
9
7
9
10
7
13
9
6
5
7
10
9
7
3
14
5
10
12
9
11
10
11
3
9
13
10
11
3
6
7
5
6
11
8
8
7
7
5
10
7
15
6
7
7
10
10
11
5
5
9
14
13
5
9
9
7
7
14
9
7
3
8
10
8
9
7
6
11
13
13
9
7
8
7
11
6
6
7
14
13
8
12
5
5
12
8
14
8
6
9
11
7
8
12
10
10
17
9
8
6
14
11
8
9
7
10
14
8
10
8
9
12
10
10
8
18
12
14
11
11
15
11
9
13
15
16
13
7
10
5
13
8
12
16
20
12
8
19
14
10
17
16
16
10
15
14
9
6
14
19
12
14
12
15
14
23
20
17
16
20
19
15
13
21
12
25
13
17
20
21
14
12
16
19
26
17
16
16
19
24
18
19
20
24
18
19
19
19
25
24
27
21
24
16
23
25
14
17
23
23
24
19
22
22
23
22
29
28
31
13
33
26
26
31
31
22
34
34
27
27
26
30
30
36
26
21
31
30
22
27
35
17
35
41
27
22
26
29
34
55
24
29
31
36
28
24
26
29
24
40
33
35
31
33
26
28
25
36
32
36
32
33
27
38
39
44
38
25
33
25
33
33
31
38
31
28
34
40
43
25
36
30
41
36
27
46
27
34
34
24
26
37
36
28
22
25
30
34
35
47
42
29
27
28
43
35
34
30
33
27
33
36
28
37
29
30
33
33
40
34
28
31
24
24
29
35
21
30
21
29
37
30
22
18
25
38
30
30
23
25
22
24
16
33
25
18
25
21
17
26
28
29
26
25
22
28
23
25
27
22
29
26
26
32
20
21
17
15
26
27
26
19
11
24
22
14
24
15
13
15
14
21
16
19
15
17
11
15
20
21
14
16
17
22
16
21
20
20
18
7
7
13
21
16
14
9
16
17
9
11
15
13
8
15
14
9
14
8
17
10
8
10
11
11
10
12
7
12
14
6
13
9
11
12
14
6
10
8
9
9
7
8
5
12
11
8
11
12
7
13
14
8
12
11
8
7
5
7
11
9
11
12
13
9
7
13
6
6
3
5
5
7
4
5
8
9
8
6
7
9
7
4
7
4
3
4
10
8
5
4
3
4
7
8
3
3
5
8
5
4
5
8
5
5
9
3
10
5
3
6
6
7
6
5
7
9
10
6
3
3
6
6
13
3
1
6
11
5
5
6
7
5
9
7
2
4
3
3
15
5
2
5
5
5
5
2
9
1
5
1
3
6
6
6
8
4
5
5
3
4
7
7
4
5
3
5
10
3
3
6
2
7
5
5
5
5
4
4
4
3
1
1
6
2
8
8
5
7
5
4
2
6
4
0
3
4
4
3
4
4
5
5
2
4
6
3
7
1
2
6
8
5
3
2
9
5
4
2
4
4
8
4
2
2
6
6
3
10
5
6
3
5
5
5
9
4
3
5
6
4
10
5
7
4
3
7
3
4
1
6
6
2
5
4
4
5
8
4
8
8
1
11
7
1
3
2
4
5
3
2
4
8
7
6
4
3
7
4
4
4
4
1
6
6
1
3
7
2
2
3
2
4
2
4
9
5
5
5
8
6
3
5
7
4
5
5
5
3
9
5
1
2
1
1
3
6
5
4
3
4
4
3
3
5
7
8
6
4
3
5
4
4
2
6
4
6
2
4
1
7
5
5
5
4
2
1
1
4
3
5
14
5
3
4
7
2
3
3
3
4
5
5
3
3
7
2
2
6
4
3
9
3
3
4
3
3
5
2
2
2
3
2
6
5
2
6
5
4
6
3
4
1
4
1
3
7
2
2
8
3
2
0
6
2
3
4
2
5
5
4
6
3
3
2
2
1
1
3
4
3
2
2
5
5
2
4
2
8
2
1
9
1
7
5
5
2
6
2
2
3
4
5
4
2
6
4
2
3
4
6
4
11
2
2
1
3
3
1
2
3
4
1
4
5
3
5
5
4
3
2
4
1
0
5
3
3
2
3
2
8
3
5
4
6
3
2
1
3
2
5
2
1
5
2
2
3
3
4
4
4
3
4
1
2
2
1
2
2
1
5
3
8
2
9
5
1
3
4
3
3
3
3
3
3
5
4
5
5
4
1
5
4
4
1
3
5
3
3
2
5
4
4
1
4
2
2
3
2
0
5
3
4
5
3
4
5
6
0
4
2
6
4
1
1
7
6
3
2
2
5
4
1
5
6
6
2
2
5
2
3
2
1
3
2
3
4
5
3
2
7
5
6
3
3
5
1
5
3
4
4
4
4
7
3
5
3
3
2
9
2
3
1
2
1
2
4
2
7
5
3
4
5
2
2
3
9
2
5
7
5
6
5
1
5
6
5
5
1
3
3
4
4
3
3
6
4
8
7
4
5
5
5
4
6
4
2
4
4
4
4
2
3
7
5
7
5
5
7
6
4
2
6
6
3
8
4
7
3
2
2
5
5
7
5
7
2
7
4
2
8
6
7
4
3
1
3
8
2
3
11
9
1
2
6
6
3
6
8
3
7
6
6
3
6
6
3
2
8
4
7
5
7
6
6
5
4
6
6
2
5
3
4
5
5
4
7
5
4
8
2
4
4
5
3
5
5
8
6
6
7
4
5
4
5
3
10
2
4
4
2
4
2
5
9
3
7
5
3
3
3
2
4
4
4
3
3
6
5
6
5
2
4
6
11
4
7
8
3
2
5
7
5
4
3
6
2
5
4
4
12
6
6
5
1
4
5
10
1
4
4
4
7
6
3
3
4
0
6
8
5
2
2
6
2
4
4
5
4
4
4
3
3
2
5
2
8
2
3
3
2
6
5
2
3
2
2
3
3
6
2
4
5
5
3
4
4
5
4
7
2
9
2
4
4
4
6
6
3
1
5
1
4
2
3
3
3
2
6
4
2
5
1
3
5
3
4
5
1
3
3
2
5
2
2
3
5
1
6
6
4
4
3
3
2
3
5
2
3
2
4
2
3
2
1
5
4
3
6
6
2
0
1
5
4
6
5
3
1
1
3
7
4
1
8
3
1
6
1
4
2
2
2
4
1
1
3
4
4
2
2
3
1
4
5
2
5
2
4
4
2
1
2
3
4
5
4
2
0
4
1
4
7
3
3
1
2
3
5
1
1
0
0
3
3
5
3
4
1
4
4
4
1
2
3
4
1
3
2
2
4
1
3
2
5
2
2
1
3
5
5
2
3
1
4
2
5
3
3
4
4
2
1
1
1
2
2
3
5
3
2
2
4
5
3
0
4
2
2
0
2
2
2
3
3
2
3
5
2
4
2
3
0
2
3
2
1
1
3
1
1
0
1
4
2
5
2
3
1
2
2
5
5
2
5
1
2
3
0
1
2
2
3
2
4
2
2
5
4
4
1
3
4
4
2
2
5
3
2
2
2
2
2
4
3
2
2
2
4
2
3
8
1
0
1
1
1
2
4
0
6
4
3
3
2
0
3
3
2
2
4
3
4
2
2
4
2
3
4
2
0
1
2
2
1
3
2
4
3
0
3
2
2
5
6
1
4
3
1
2
6
2
2
1
2
0
3
1
4
2
4
2
5
2
1
2
1
3
2
2
3
3
2
4
0
4
3
1
1
1
0
2
4
2
0
2
4
3
4
2
6
3
1
2
1
2
3
3
1
2
2
1
4
2
1
0
1
3
4
3
3
1
1
3
0
1
5
3
1
4
0
2
3
2
1
1
1
4
1
0
1
1
1
7
2
2
3
1
0
0
3
1
1
2
3
0
1
1
1
3
1
1
3
0
1
4
4
2
1
5
2
3
0
3
0
6
1
2
4
1
1
4
4
6
1
2
3
2
2
2
1
5
5
3
2
1
1
3
1
0
0
3
2
2
1
0
2
3
0
1
2
1
3
4
5
1
2
2
3
1
1
2
0
0
1
3
0
4
1
3
2
1
5
4
2
4
1
3
2
1
4
1
1
0
3
2
2
1
1
5
1
1
2
3
1
4
4
2
5
3
0
3
2
4
2
1
1
0
4
3
0
2
3
1
3
5
2
2
1
2
2
3
5
1
0
1
0
3
0
2
3
1
0
2
5
0
5
1
0
1
1
3
1
3
2
1
1
1
2
3
1
4
0
1
0
5
0
1
1
3
3
3
4
3
3
1
2
1
2
5
1
1
1
1
0
3
1
1
0
2
2
1
2
1
2
0
2
2
2
1
1
1
2
1
1
2
2
0
0
2
3
2
0
2
2
1
2
2
0
1
2
0
1
2
1
2
1
1
1
1
3
3
2
2
1
1
2
3
0
2
1
1
2
1
0
2
4
1
1
1
0
4
2
3
2
1
1
0
2
2
0
2
2
1
1
1
3
1
1
2
0
2
0
3
5
7
0
4
1
2
1
2
2
0
0
1
3
2
3
2
5
1
2
3
0
2
1
0
6
2
3
3
1
4
5
2
4
1
3
0
3
0
3
0
3
3
3
2
4
2
3
1
2
3
2
2
1
3
4
2
2
2
0
1
1
6
1
2
4
1
5
1
1
0
5
1
2
5
1
3
1
1
3
4
2
1
0
5
1
0
1
1
0
4
3
1
3
3
3
3
2
3
1
3
4
2
6
2
0
5
3
4
2
6
0
1
4
4
3
3
4
2
1
1
4
0
5
1
3
2
2
3
2
0
1
3
2
3
4
0
4
4
1
1
1
1
3
5
1
1
1
0
0
1
4
3
2
3
2
0
4
1
2
5
8
4
5
3
1
1
5
3
3
3
2
2
1
2
3
2
3
1
6
2
1
3
3
2
2
2
5
1
4
2
4
4
5
4
1
3
4
7
7
3
9
6
3
2
3
3
3
5
2
5
3
0
5
5
2
4
4
0
5
2
2
3
1
3
4
1
1
4
5
5
2
1
3
0
1
3
6
3
2
2
1
2
1
4
6
0
2
4
1
6
1
2
6
4
1
2
4
4
4
2
2
3
3
3
3
0
2
2
3
2
4
4
3
4
2
6
0
4
1
2
2
4
5
7
3
1
5
1
3
2
1
4
3
5
2
1
3
3
3
4
6
0
2
1
1
2
3
1
2
3
6
3
4
4
3
4
4
0
2
3
0
4
5
3
5
5
4
5
2
5
4
5
0
5
0
1
2
2
3
2
4
3
3
2
2
1
4
1
2
2
1
1
4
1
2
3
2
3
1
7
5
5
3
0
6
4
2
1
4
1
1
3
3
2
9
5
3
2
1
2
2
3
2
1
6
2
2
1
1
5
1
3
3
4
4
4
1
2
5
1
3
4
6
5
2
3
3
1
2
1
2
2
2
1
1
3
5
2
3
0
3
4
1
4
3
0
1
3
4
2
0
4
3
3
2
4
1
5
2
2
4
1
5
2
1
5
1
3
3
1
4
3
2
3
2
1
1
1
3
3
2
0
4
1
3
4
1
4
1
4
4
2
1
1
4
1
1
5
2
0
0
0
1
1
3
6
2
1
1
2
1
2
2
5
2
3
3
1
2
1
0
3
1
1
2
4
0
4
5
2
3
1
2
2
3
3
1
1
2
1
3
4
4
2
3
3
2
1
3
3
3
0
1
0
4
2
1
2
2
2
1
1
3
1
0
1
2
0
2
1
1
2
4
1
5
4
4
2
2
6
5
2
2
1
3
5
4
2
3
2
5
0
5
2
3
2
3
2
4
0
7
2
4
1
1
3
2
5
0
2
1
3
1
3
2
3
2
0
5
3
2
1
1
2
3
0
2
1
1
0
0
2
3
0
5
2
5
0
2
2
1
2
2
0
1
2
3
4
1
1
3
3
2
1
2
4
1
3
2
0
1
3
3
2
0
4
3
0
1
3
3
1
4
0
3
1
1
4
2
3
3
0
2
1
0
5
1
1
3
3
1
2
2
1
1
4
3
3
1
3
2
3
2
3
1
5
1
0
2
3
1
1
0
3
3
3
5
4
0
2
2
2
2
1
0
2
3
1
1
0
3
2
2
2
1
3
2
5
2
2
5
2
3
1
6
1
3
1
1
3
7
2
3
4
3
0
5
3
2
2
1
2
4
0
4
1
0
1
2
0
2
5
2
3
2
3
2
2
2
0
1
2
1
1
2
4
0
0
0
2
0
0
3
2
2
0
2
1
0
1
4
0
2
1
5
1
1
1
3
0
1
3
3
3
2
0
1
1
0
2
3
1
1
1
2
4
3
0
2
0
2
1
2
0
3
2
1
1
2
2
2
2
4
0
2
4
1
0
1
1
5
2
3
4
1
3
2
1
0
4
2
1
2
0
1
0
2
1
2
0
2
2
1
1
1
2
3
0
1
0
0
3
2
1
2
1
5
1
1
2
1
3
1
3
1
2
1
1
3
1
1
1
3
2
0
1
3
3
1
2
1
1
3
2
2
2
2
2
0
0
3
1
3
3
2
3
3
2
0
0
3
1
1
1
2
1
2
1
0
0
1
0
2
2
1
1
0
2
0
3
0
1
1
3
5
0
0
0
5
2
1
0
1
2
1
0
1
1
0
1
1
3
1
3
1
1
0
0
1
0
1
2
1
2
4
1
0
1
0
0
1
5
1
1
1
1
2
1
2
0
1
1
1
0
1
1
1
2
0
1
0
0
3
0
0
1
0
1
2
0
1
0
0
1
3
2
1
3
1
2
2
1
1
1
0
1
1
2
1
0
0
0
1
0
0
1
0
0
0
0
1
1
2
4
2
0
2
0
0
3
1
0
2
1
1
0
1
2
1
1
1
2
0
0
0
0
1
2
1
1
0
1
1
0
2
0
2
3
0
2
0
1
0
0
0
0
1
1
0
0
2
1
0
0
1
1
1
0
1
2
0
2
2
1
1
2
1
2
1
2
0
0
0
3
2
2
1
1
1
0
0
2
1
0
1
1
0
1
1
1
1
1
0
1
0
0
0
0
2
0
1
1
1
1
3
0
0
1
1
1
0
2
1
1
2
0
0
2
1
1
0
2
2
2
2
1
0
1
1
1
1
0
0
0
0
0
0
0
0
2
0
0
1
1
0
2
1
0
0
1
1
1
1
1
1
0
1
0
1
1
2
1
0
1
0
0
1
1
1
0
0
1
1
1
0
0
1
3
1
1
1
0
0
0
0
0
1
0
1
2
0
1
0
0
1
0
0
1
0
1
1
0
0
0
1
0
0
1
0
1
1
0
0
0
0
1
0
2
0
1
0
0
0
1
0
0
1
0
0
0
0
1
0
1
1
0
0
0
0
1
0
1
0
1
0
2
0
0
1
0
1
1
0
1
1
0
0
0
0
0
2
0
1
1
0
0
1
1
0
1
1
0
2
0
0
1
0
1
0
0
0
1
0
2
0
0
1
1
0
1
0
1
0
0
1
2
0
0
1
0
1
0
0
0
0
1
1
1
2
0
0
0
1
1
0
1
0
0
0
1
0
1
0
0
0
0
0
0
2
3
0
1
0
2
1
1
0
1
1
0
0
1
2
0
1
0
0
1
0
0
1
1
3
3
0
0
1
4
1
1
1
0
3
1
1
0
1
0
2
1
1
3
0
0
0
0
2
2
0
1
3
2
0
3
1
0
0
0
0
1
2
1
2
1
0
1
3
0
2
2
2
3
0
1
1
3
1
1
3
0
4
2
2
2
4
1
0
0
0
1
1
0
2
1
3
2
0
1
2
2
1
1
2
5
4
0
1
4
3
2
1
1
2
1
0
5
3
1
4
3
4
2
1
1
3
1
2
4
2
3
3
3
2
2
3
3
4
1
1
0
3
2
3
2
4
6
3
5
3
3
1
2
2
1
6
4
0
3
5
3
1
7
4
2
2
4
2
1
1
2
3
8
3
3
1
7
2
4
2
6
3
2
2
3
2
3
2
1
1
3
3
5
3
1
5
7
2
2
4
3
5
3
5
3
2
3
4
4
7
3
4
5
3
2
2
2
4
3
1
2
1
2
2
6
3
4
3
6
4
1
4
2
4
3
1
2
1
4
2
4
3
1
5
4
7
1
3
4
3
5
3
3
6
2
3
4
0
2
9
2
2
3
5
2
1
2
3
5
2
6
2
4
3
2
4
3
4
8
7
2
5
7
1
4
4
5
9
5
2
1
6
4
3
3
3
1
6
6
1
5
4
4
3
4
2
1
3
1
0
0
2
0
3
3
1
1
2
3
4
1
2
1
4
1
5
2
2
2
3
5
2
1
2
1
2
4
3
2
1
1
1
2
0
4
3
3
2
2
1
4
2
0
1
1
4
7
1
2
4
0
5
7
3
4
1
1
1
1
1
3
4
1
3
6
1
0
3
2
3
4
2
1
1
1
1
6
1
3
5
2
1
1
4
6
3
2
1
1
3
3
1
0
2
3
0
1
2
2
1
0
1
0
2
1
2
3
0
0
1
2
1
3
1
0
2
6
3
1
2
0
0
3
3
2
3
2
0
2
2
0
0
3
1
2
0
0
0
2
1
2
0
2
2
2
0
1
2
0
2
0
0
0
1
2
1
0
0
0
2
1
2
1
0
1
2
0
2
0
1
1
0
1
1
0
0
0
1
0
0
1
0
2
1
0
1
1
1
0
4
1
0
0
1
0
0
0
0
2
0
0
1
0
1
0
2
1
0
0
3
2
1
0
1
1
1
0
0
1
0
0
0
1
0
0
0
0
0
1
2
0
0
0
0
1
2
0
0
1
0
1
1
1
0
1
0
0
0
0
0
0
0
1
1
0
0
1
0
1
1
0
0
0
1
1
0
0
0
0
0
0
0
0
0
0
0
0
0
0
1
0
1
0
0
1
0
1
0
0
1
0
2
1
0
0
0
0
0
0
0
0
0
0
0
1
1
0
0
0
1
0
1
0
0
0
0
2
0
1
0
0
0
0
0
0
0
0
0
0
0
0
0
1
0
0
0
0
1
2
2
0
1
0
0
0
0
0
0
0
1
0
0
0
1
0
0
0
1
0
0
0
0
0
0
1
0
0
0
0
0
0
0
0
0
0
2
0
0
0
0
0
0
0
0
0
1
1
0
0
0
0
0
1
0
0
0
0
0
0
1
0
0
0
0
0
0
0
0
0
0
0
0
0
1
1
0
0
0
0
0
0
0
0
1
0
0
0
0
1
1
0
1
0
0
1
0
0
1
0
0
0
0
0
0
1
0
0
0
0
0
0
0
0
0
0
1
0
0
0
0
0
1
0
0
0
0
0
0
0
0
0
0
0
0
0
0
0
1
0
0
0
1
0
0
1
0
0
0
1
0
0
0
0
0
0
2
0
1
0
0
0
0
0
0
0
1
1
0
0
0
0
0
0
0
0
0
0
0
0
0
0
0
0
1
0
0
0
0
0
2
0
0
2
0
0
0
0
0
0
1
0
0
0
0
0
0
0
0
0
0
0
1
2
0
0
1
0
1
0
0
0
1
0
0
0
1
0
0
1
1
0
0
0
0
0
3
0
0
1
2
0
0
1
0
0
0
1
0
0
0
0
0
0
0
0
0
0
0
1
0
0
1
0
0
0
0
0
0
0
0
1
0
0
0
0
0
0
0
1
0
0
0
0
0
0
0
0
1
0
1
0
0
0
0
0
1
1
1
0
1
0
0
0
0
0
0
0
