1792
1800
0
0
0
0
0
0
0
0
0
0
0
0
0
0
0
0
0
0
0
0
0
0
0
0
0
0
0
0
0
0
0
0
0
0
0
0
0
0
0
0
0
0
0
0
0
0
0
0
0
0
0
0
0
0
0
0
0
0
0
0
0
0
0
0
0
0
0
0
0
0
0
0
0
0
0
0
0
0
0
0
0
0
1
82
389
535
609
540
544
571
548
540
599
528
583
614
558
612
595
549
530
646
589
585
527
572
578
577
629
553
633
598
584
592
605
596
552
593
596
637
623
614
607
615
653
604
642
610
646
647
675
671
652
624
600
664
648
655
632
650
683
647
643
705
673
695
667
663
703
673
713
718
727
713
724
716
738
748
746
735
751
806
796
806
823
811
810
804
840
848
883
876
850
860
854
900
926
885
953
928
880
966
885
939
1003
998
966
915
944
966
935
1011
979
1004
1019
991
1059
974
1007
1060
1070
1080
1054
1043
986
1025
1098
1026
1106
1083
1035
1079
1023
1095
1053
1022
1061
1080
1065
1023
1082
1030
994
1007
1057
976
1031
981
1018
954
960
1024
990
946
1032
977
997
997
1031
966
933
1000
979
1047
982
954
1009
963
909
991
971
970
957
922
978
1009
907
903
938
977
962
984
909
956
985
881
923
951
956
989
963
965
902
968
920
1010
959
972
1041
944
939
997
1015
1060
960
975
954
1000
997
1019
1005
969
1042
1012
938
994
999
1036
1000
995
1073
1030
1053
1029
987
966
1001
1051
1034
1065
1078
995
1034
1046
1033
964
994
1093
1001
1018
1034
1013
1039
1030
1038
1090
1053
1076
1051
1066
1014
1026
1027
1041
1055
1019
1007
998
1043
975
1011
998
1044
1027
1013
1038
979
1032
1058
1011
1073
1036
1045
1041
1053
1042
1093
1026
1016
1033
1022
1060
943
1000
1026
1031
1034
1075
970
1052
1021
1027
947
1025
1023
1001
1032
1060
995
1026
1004
1042
1083
1039
1045
1051
1042
1022
1087
1042
1088
1039
1073
1054
1050
1072
1133
1089
1022
1083
1152
1138
1126
1164
1120
1091
1146
1211
1110
1159
1122
1176
1213
1208
1135
1176
1171
1181
1211
1256
1234
1216
1255
1239
1298
1251
1276
1259
1258
1278
1206
1252
1278
1330
1286
1243
1251
1354
1365
1368
1342
1297
1277
1314
1306
1302
1388
1344
1373
1312
1337
1342
1298
1417
1344
1285
1380
1351
1376
1366
1281
1369
1288
1368
1388
1327
1289
1349
1300
1222
1294
1240
1209
1249
1300
1322
1246
1274
1292
1275
1256
1178
1291
1212
1268
1253
1223
1214
1199
1194
1118
1189
1181
1175
1185
1199
1121
1178
1120
1195
1089
1111
1105
1077
1102
1099
1107
1065
1124
1179
1089
1103
1066
1034
1064
1081
1033
1109
1090
1056
1088
1026
1023
1053
1019
999
1051
1063
997
1015
1038
1014
1081
1006
964
969
1035
995
952
978
980
1040
1031
1002
995
1029
1031
963
950
1015
987
962
1011
978
976
989
995
904
948
926
946
924
926
913
1018
896
940
943
877
970
895
896
889
889
891
908
881
916
866
905
870
899
884
895
903
875
907
871
883
814
878
825
866
841
842
870
818
858
802
854
807
844
847
838
810
813
791
812
835
822
832
787
781
749
783
786
792
806
755
804
809
758
725
782
736
777
786
768
725
776
747
813
781
752
749
765
756
729
751
762
729
773
717
727
773
713
742
744
761
759
716
763
716
744
736
708
721
789
726
711
725
740
711
734
716
693
691
670
726
674
706
677
750
724
705
718
720
700
704
696
664
681
663
669
697
727
683
705
702
658
729
685
669
700
660
703
687
661
721
676
611
673
625
699
716
679
651
678
658
651
649
676
666
651
653
663
615
675
679
657
679
654
657
673
626
636
616
663
582
655
646
646
654
674
654
694
677
666
585
643
629
607
631
637
639
623
649
611
635
597
621
645
679
633
590
654
600
599
647
593
633
637
598
645
575
579
651
639
595
606
624
585
584
597
579
578
574
576
560
583
551
609
560
544
566
560
580
548
521
544
569
566
521
552
536
505
497
501
513
540
529
530
531
487
487
485
481
432
461
468
472
492
466
484
441
499
453
431
484
435
450
430
443
423
405
432
421
421
385
421
425
403
391
364
412
354
433
381
395
370
340
380
340
343
368
375
343
363
324
355
357
373
338
328
344
349
332
349
310
331
323
330
304
290
335
334
304
341
320
301
300
317
277
292
305
316
317
289
291
298
279
287
280
284
255
261
288
277
275
281
298
269
267
287
269
241
279
297
265
272
261
273
290
250
270
265
281
250
249
271
242
238
250
252
248
257
265
223
258
228
236
228
248
236
227
230
223
224
226
242
242
275
225
221
196
234
216
234
233
235
221
218
223
206
213
238
227
181
213
188
217
229
189
216
239
186
184
179
197
229
197
194
227
202
198
204
215
201
179
195
208
194
198
186
185
200
167
186
196
170
210
159
191
188
175
191
195
194
194
188
200
179
201
162
190
153
185
188
186
168
176
197
173
151
185
182
159
146
169
176
169
174
186
194
166
192
189
178
158
175
175
154
177
170
177
190
184
159
171
169
166
150
146
185
154
183
144
165
171
166
159
139
150
169
161
160
154
150
166
173
158
166
155
158
159
147
168
161
171
154
149
142
152
156
160
164
151
161
128
149
159
143
149
153
150
170
150
148
173
152
148
135
149
146
128
135
137
138
138
136
181
119
147
174
156
138
163
144
132
148
147
164
147
138
152
143
137
154
131
164
159
158
159
152
169
154
140
143
151
168
160
187
157
179
179
167
187
186
196
194
153
164
180
203
215
239
240
229
233
242
222
240
269
238
252
277
274
279
316
279
311
316
343
370
371
345
361
410
427
409
455
485
453
484
474
508
540
586
613
540
620
685
663
645
772
787
752
814
845
861
869
943
945
970
975
1056
1062
1119
1159
1147
1210
1153
1264
1324
1346
1349
1459
1447
1513
1561
1602
1641
1620
1724
1749
1757
1816
1857
1851
1925
1951
2058
2003
2073
2103
2136
2173
2213
2202
2303
2264
2372
2325
2441
2471
2467
2536
2509
2599
2509
2568
2637
2687
2659
2765
2753
2679
2793
2759
2721
2861
2869
2716
2819
2839
2806
2855
2791
2880
2931
2813
2796
2825
2819
2925
2895
2772
2803
2880
2792
2818
2788
2731
2741
2737
2741
2721
2656
2633
2489
2515
2559
2451
2436
2473
2325
2276
2260
2280
2272
2201
2071
2098
2164
2081
2037
1984
1884
1880
1813
1806
1783
1702
1654
1703
1556
1591
1529
1479
1428
1401
1320
1292
1222
1200
1207
1158
1143
1095
1045
1044
1005
964
902
909
824
797
823
796
787
720
675
666
667
624
622
538
544
509
580
478
465
452
497
410
437
406
348
370
334
325
306
322
266
284
256
246
229
246
230
198
218
167
183
178
175
162
154
156
149
157
127
122
127
130
124
145
106
104
100
109
102
105
106
117
78
123
97
86
103
98
91
91
94
101
81
75
70
75
70
82
84
90
83
83
63
71
80
94
78
73
78
67
83
83
84
71
90
83
99
67
78
78
80
80
67
75
104
94
79
83
86
69
80
87
73
78
80
71
79
67
70
74
91
61
79
83
86
79
81
100
75
66
79
92
87
88
71
76
79
79
75
74
69
87
66
75
85
86
68
70
85
77
76
87
83
72
97
60
102
89
82
83
81
82
73
86
85
80
74
92
87
63
62
84
74
91
78
83
69
84
87
76
60
76
75
63
74
71
69
76
73
89
87
69
81
82
62
64
67
66
72
59
73
69
60
76
76
84
78
64
78
66
73
67
71
70
75
76
65
71
58
75
62
76
80
80
73
72
73
68
83
71
66
53
75
78
78
74
55
58
93
70
74
68
70
59
61
68
58
83
89
66
67
66
57
73
60
75
79
84
57
69
63
78
78
73
82
68
82
86
91
76
64
81
58
82
67
52
70
78
75
65
69
69
69
61
56
67
72
69
70
67
74
83
75
82
61
77
67
67
79
71
75
78
66
81
68
58
80
74
66
72
69
76
71
82
64
75
66
77
76
75
71
72
84
90
73
81
74
70
66
75
52
73
74
81
71
92
70
76
71
65
83
64
66
70
70
87
74
71
77
68
81
85
82
75
81
72
68
82
92
65
74
71
82
70
65
78
65
77
75
62
59
82
82
63
84
87
85
73
87
85
78
63
82
82
76
80
85
76
83
71
81
72
63
72
80
69
74
73
81
73
75
74
88
70
68
86
78
65
77
80
81
73
81
86
74
62
69
70
73
60
61
74
83
77
82
65
64
76
62
97
77
83
56
79
61
78
80
60
52
75
73
71
68
44
64
67
70
68
79
54
76
75
68
75
66
57
47
82
66
78
79
64
85
78
64
57
64
65
77
77
64
66
75
66
72
72
52
69
76
74
68
50
57
78
63
77
66
50
66
65
66
52
48
69
62
59
65
61
55
69
65
70
67
74
74
70
67
58
68
53
54
77
52
59
89
64
69
75
74
56
76
57
60
66
59
72
70
56
53
76
82
93
64
58
77
75
60
66
59
72
61
63
61
68
59
57
58
59
70
79
58
61
77
63
74
65
62
82
66
70
88
80
81
70
63
69
74
66
68
61
47
68
63
57
53
62
69
65
80
57
73
79
70
70
62
77
87
68
72
73
57
47
75
70
61
65
74
60
81
73
76
62
61
61
73
80
76
64
68
90
70
70
57
68
72
65
76
68
55
81
60
65
66
69
70
70
72
61
53
57
78
70
80
72
82
49
76
66
62
51
65
67
70
58
75
57
63
68
51
75
63
81
64
75
41
74
62
80
55
65
83
65
68
56
71
68
67
61
62
64
64
66
44
61
79
72
65
64
63
54
71
75
84
61
73
52
81
50
56
57
83
69
71
60
59
50
56
69
78
55
73
56
71
60
73
63
63
50
68
66
66
57
78
63
68
75
60
78
70
75
54
76
70
57
70
79
72
70
81
77
60
76
72
55
60
59
63
66
60
68
89
67
50
61
62
53
70
73
70
58
69
74
73
59
64
54
61
64
68
54
62
62
66
69
69
67
73
79
84
85
68
78
55
67
71
58
73
69
64
53
67
65
62
72
96
65
61
63
65
81
77
73
62
59
69
68
75
69
70
72
66
64
72
67
63
62
64
55
62
73
78
70
77
68
70
50
78
71
71
75
70
76
78
68
75
56
68
65
58
74
60
64
76
67
91
79
72
61
68
75
65
77
61
75
62
68
65
59
68
71
65
87
88
69
61
71
71
73
66
63
80
63
67
72
73
71
80
70
71
81
62
73
69
72
69
75
72
78
79
80
64
89
73
68
77
68
67
68
96
75
80
81
77
89
67
92
86
73
71
79
66
65
84
79
68
66
89
67
69
72
79
58
64
88
74
96
87
75
69
84
80
95
93
63
95
82
89
87
77
76
62
90
70
73
85
69
83
75
88
92
82
62
71
90
85
83
72
81
58
66
103
79
83
70
72
78
78
98
73
83
90
72
88
78
71
73
68
74
74
73
67
86
85
90
92
77
63
84
83
84
82
77
79
83
77
75
70
76
69
74
88
72
77
83
82
80
89
86
91
76
82
60
84
104
64
76
74
85
78
83
81
83
83
85
90
59
88
96
83
80
79
84
86
85
70
84
76
93
82
73
95
78
80
91
76
78
94
90
82
82
82
88
86
86
83
81
87
64
81
73
95
77
87
77
87
96
75
85
75
89
84
83
71
100
76
76
79
91
86
83
79
66
79
86
82
71
84
95
88
73
86
86
71
90
91
76
88
89
78
74
90
76
82
68
70
78
62
75
76
75
79
80
80
97
67
78
97
58
72
82
65
68
85
86
72
67
79
94
81
65
59
62
66
64
98
70
60
85
66
78
62
70
93
63
75
67
68
64
63
65
57
64
68
79
68
55
71
63
59
61
66
59
54
79
63
61
71
51
52
72
60
62
52
49
52
78
60
62
47
62
47
55
49
49
61
56
39
51
55
50
53
55
46
39
48
46
47
55
34
52
46
56
50
36
66
38
50
44
43
37
52
47
44
45
41
54
46
37
43
36
44
48
44
27
42
53
33
37
40
29
38
48
45
34
47
33
44
52
36
36
42
40
47
29
35
42
27
44
34
29
33
53
39
38
33
39
32
25
44
41
22
41
36
28
25
27
37
34
34
29
30
24
34
25
24
25
24
24
27
31
35
26
34
29
30
27
27
22
21
16
26
31
22
27
36
30
27
26
23
23
26
16
26
25
22
27
17
22
18
36
27
17
18
22
23
22
23
34
20
20
25
16
21
25
18
25
19
23
23
32
17
22
18
24
19
26
24
17
21
14
29
21
27
13
22
16
14
17
25
29
19
23
16
9
15
17
18
16
16
13
26
13
17
20
12
22
27
14
20
15
12
25
21
23
23
12
15
19
21
21
14
23
14
17
19
13
18
18
10
16
11
15
16
14
17
11
14
15
22
18
11
15
23
23
15
20
11
20
14
21
11
16
16
11
18
29
12
10
8
16
15
12
20
10
16
14
19
20
15
12
16
10
11
13
8
10
14
15
15
10
10
15
17
21
10
9
17
11
16
9
12
16
10
11
13
8
11
11
19
4
11
12
9
5
12
11
13
10
16
11
9
9
17
8
15
7
12
8
14
18
10
12
11
13
8
11
10
10
12
6
7
18
11
10
5
10
12
14
9
8
17
10
10
6
11
10
12
10
14
5
13
8
15
10
9
12
9
8
17
10
12
17
17
8
12
12
11
10
15
8
10
13
16
6
7
14
13
14
10
11
11
18
15
17
12
11
15
9
18
15
10
13
12
14
18
22
22
20
16
22
15
18
21
15
15
18
18
20
18
16
19
29
27
33
20
19
33
25
25
23
28
20
19
21
34
35
36
37
23
37
30
31
40
50
34
38
35
46
36
40
44
36
35
44
53
47
43
59
56
62
58
56
48
44
55
59
52
63
77
66
58
74
81
90
92
83
93
104
86
94
77
102
95
97
98
90
91
115
103
118
108
115
101
109
99
113
119
118
128
131
126
149
134
116
137
150
150
139
144
162
176
147
154
140
159
172
178
162
179
185
190
167
182
199
213
200
208
193
229
206
200
211
190
245
202
242
238
239
224
283
238
217
250
256
241
267
278
239
239
246
249
258
254
283
277
279
281
265
238
284
287
306
261
300
281
266
299
283
259
294
265
290
288
285
258
261
258
304
297
326
267
298
287
257
286
335
292
284
294
255
256
300
284
283
280
242
276
266
302
307
273
292
287
278
257
266
261
271
247
258
268
282
292
272
271
245
255
256
211
261
227
248
237
234
256
237
233
233
245
212
225
218
208
216
237
197
197
212
215
195
196
222
219
198
175
199
160
188
187
191
191
178
169
175
163
163
159
143
127
126
147
143
148
128
140
128
112
135
139
98
106
110
124
133
115
104
119
117
94
110
82
86
71
82
79
91
75
100
80
81
78
61
66
61
73
70
80
51
57
66
71
66
70
61
57
50
49
46
57
53
55
46
46
41
24
54
33
49
30
36
40
39
32
31
41
28
25
34
25
33
24
15
32
24
22
22
27
20
20
16
19
20
23
17
11
13
17
17
22
15
10
14
15
15
15
17
10
18
12
16
9
14
9
10
12
8
9
10
12
8
5
8
6
10
11
12
7
6
5
4
7
12
4
5
6
10
6
8
3
7
5
6
7
2
4
5
7
6
2
8
8
7
6
3
5
3
5
2
1
9
2
8
4
10
3
4
6
7
3
5
7
7
5
4
5
6
3
6
2
7
5
1
1
5
3
5
5
5
5
7
6
6
2
7
4
5
2
6
5
1
6
9
9
7
5
6
4
7
5
6
6
2
5
9
3
3
3
6
3
7
5
5
6
6
2
3
6
5
7
7
8
3
7
4
4
3
7
3
6
8
6
4
7
9
6
4
3
3
6
6
9
6
7
5
8
9
9
7
8
13
9
9
7
10
8
6
5
7
8
4
9
7
5
8
13
7
6
7
8
5
6
5
4
8
5
9
4
6
8
4
9
5
12
5
11
12
7
7
7
9
9
9
5
8
8
5
5
14
6
10
8
11
12
6
12
6
7
7
11
6
15
6
8
10
13
6
11
6
5
11
7
9
14
15
10
10
16
9
12
14
9
14
7
9
14
11
9
9
15
15
13
21
16
7
13
12
10
12
12
15
14
9
10
6
6
11
15
8
14
12
14
14
17
8
11
12
10
2
12
10
18
11
11
9
11
16
11
12
10
10
16
16
10
11
9
11
7
13
12
9
11
9
7
11
10
5
9
12
9
10
13
8
8
9
9
9
5
10
9
10
8
10
8
9
8
8
7
11
7
11
12
7
6
9
0
4
7
14
10
3
3
14
9
4
7
8
9
9
6
6
11
7
4
8
7
11
1
5
5
12
6
5
7
7
4
1
6
8
7
5
8
5
6
6
7
2
4
2
11
8
9
5
9
5
2
9
6
3
5
7
6
6
2
6
10
4
9
2
6
3
5
2
2
8
7
1
7
6
4
6
3
4
5
4
6
4
6
10
3
1
5
4
5
5
1
5
4
4
4
9
2
1
4
5
6
4
4
6
2
3
5
6
3
9
1
5
3
2
3
7
2
3
4
5
3
4
4
3
5
4
3
2
1
4
3
0
4
2
2
3
4
2
3
4
2
5
1
4
3
4
4
2
2
3
3
6
4
3
5
0
3
2
4
4
4
3
3
2
2
7
2
4
8
3
3
8
8
2
5
5
3
1
3
3
3
4
4
6
6
1
2
4
4
0
2
4
4
3
5
2
1
1
4
3
1
1
1
1
0
2
4
2
4
4
3
2
2
2
5
3
2
3
3
3
1
2
4
7
0
3
2
5
3
2
7
4
3
3
3
4
3
2
1
4
2
3
2
2
3
1
1
0
2
3
3
4
2
4
5
2
1
4
6
1
4
1
2
1
2
1
0
2
0
1
2
5
1
2
1
1
0
2
3
1
4
2
3
3
2
1
2
3
1
1
0
2
0
0
4
1
4
0
3
2
0
6
1
2
1
1
2
3
4
2
5
1
1
1
0
2
1
2
2
1
2
2
1
1
0
3
0
3
4
1
0
4
3
2
6
0
2
2
1
2
5
4
1
1
1
1
5
0
3
0
0
0
2
2
2
1
3
0
4
4
1
3
1
0
3
1
0
1
2
1
1
3
0
3
2
2
0
4
3
0
1
1
2
0
1
1
1
0
1
0
1
1
1
1
0
0
0
1
1
2
0
3
3
1
3
2
1
1
1
0
3
1
0
2
3
2
0
1
0
0
0
0
0
0
0
3
2
2
0
3
0
1
1
2
0
1
0
4
1
0
0
2
1
1
1
0
0
1
0
1
2
0
1
2
0
2
0
1
1
0
2
0
2
1
2
2
1
0
2
0
2
0
0
0
1
0
1
1
2
1
0
0
0
3
0
0
0
1
2
1
3
3
0
2
0
1
0
0
2
2
0
0
2
0
1
2
0
0
0
1
1
1
0
0
0
1
2
2
0
2
2
0
1
1
1
0
1
3
1
0
1
0
1
1
1
1
1
0
1
2
1
2
1
1
3
1
0
2
3
2
3
0
2
2
0
4
2
0
2
1
2
2
1
0
1
1
0
0
4
3
1
3
3
0
1
1
5
1
1
1
1
1
4
2
1
3
2
1
3
1
2
0
1
1
0
3
2
2
2
3
0
0
0
1
3
2
4
4
0
3
2
2
4
1
1
0
2
2
0
1
1
0
3
3
2
2
1
1
3
2
2
3
5
3
5
1
0
4
3
5
7
1
2
3
2
4
3
2
2
6
4
1
2
1
2
4
2
3
2
2
0
3
5
5
3
2
2
7
1
2
3
5
5
3
2
5
4
6
2
1
3
5
2
2
8
4
4
6
4
7
0
7
1
5
5
4
0
8
6
7
6
2
4
4
4
4
3
5
8
3
6
5
9
4
2
4
8
1
4
6
7
5
5
2
4
2
6
3
1
6
6
7
5
5
3
8
2
5
3
3
11
4
3
5
2
4
4
1
4
7
2
3
2
3
1
5
6
3
3
3
3
3
3
3
2
3
4
4
4
4
2
3
3
4
4
5
3
3
5
4
2
1
2
6
3
3
3
2
3
6
5
2
3
5
2
0
2
2
3
1
0
4
7
7
1
4
3
6
4
2
3
1
4
4
1
1
1
4
2
2
5
2
5
1
1
1
3
2
0
1
1
5
2
5
1
2
4
5
2
0
2
1
0
0
4
4
3
2
4
3
1
3
1
1
2
1
2
1
3
3
2
4
3
1
4
2
0
1
3
4
1
3
0
1
1
1
1
3
2
1
1
0
0
1
0
2
0
0
3
0
4
0
4
3
3
1
0
2
2
3
0
2
1
1
0
1
2
1
0
1
1
1
0
2
0
0
0
1
1
2
1
0
1
1
1
1
2
0
1
2
1
1
0
0
0
4
1
3
1
0
0
0
0
0
2
1
1
0
0
0
1
1
1
1
0
1
0
0
0
0
1
1
1
0
0
1
1
1
0
2
1
0
0
2
0
1
1
0
0
2
0
2
2
0
1
1
0
0
0
0
0
1
0
0
0
0
2
1
1
1
3
1
1
0
0
2
0
1
2
1
1
0
0
0
1
0
0
0
0
0
0
3
0
0
0
1
0
2
0
2
0
1
1
0
1
0
1
1
0
2
0
1
0
0
0
1
0
0
1
1
1
0
1
0
0
0
1
1
1
1
1
0
1
1
1
1
0
1
0
2
0
0
0
2
0
0
0
2
0
1
0
2
0
1
0
0
1
1
1
1
1
0
0
0
2
0
0
0
1
0
1
1
3
0
2
0
0
2
0
1
0
3
0
0
0
1
0
1
0
0
2
0
0
2
0
1
1
0
0
1
1
0
0
0
2
0
0
1
0
0
1
2
0
0
0
1
1
0
0
0
0
1
1
0
1
0
1
0
1
0
0
0
0
0
0
0
0
0
1
2
0
0
0
0
2
3
0
1
1
0
1
0
0
1
0
0
1
0
0
1
0
0
0
0
1
0
0
0
1
1
0
0
0
0
1
0
0
0
1
0
0
0
0
1
1
0
0
0
1
2
1
0
0
0
1
1
1
1
2
1
1
0
1
1
0
0
0
3
0
0
2
1
1
1
1
0
1
0
1
0
1
0
0
0
1
1
0
1
1
0
0
1
0
0
1
0
0
2
0
1
0
1
2
0
0
0
1
4
0
1
1
1
0
0
0
1
0
0
0
2
1
0
0
1
0
1
0
1
2
0
0
0
0
0
0
1
1
1
0
1
0
0
0
1
1
0
0
1
1
0
0
1
1
1
0
1
0
0
0
0
0
1
0
0
2
0
0
0
2
0
0
0
1
2
0
0
1
0
0
1
1
0
1
1
0
0
0
1
1
0
2
1
0
1
0
1
0
1
3
1
1
1
0
0
0
3
1
1
2
0
1
0
0
1
2
0
0
0
2
0
1
0
0
1
0
0
0
1
1
1
0
0
0
0
0
1
1
2
1
0
1
0
1
0
0
0
1
0
0
0
0
0
0
0
0
0
2
0
1
0
1
0
1
1
2
1
0
0
1
0
0
0
0
0
0
0
0
1
2
0
1
1
0
1
0
0
1
0
0
2
0
1
0
0
0
1
1
0
0
0
0
2
0
0
1
1
0
1
1
0
0
0
0
0
1
0
1
0
1
0
2
2
0
1
1
0
0
0
0
0
1
1
1
0
0
0
1
0
0
0
1
1
0
0
0
0
1
1
1
2
0
2
1
1
1
0
1
1
0
2
2
0
0
2
2
0
0
0
1
0
0
1
1
0
2
0
0
0
0
0
1
0
1
1
1
0
0
0
1
0
0
0
0
1
0
1
0
1
0
0
0
1
1
2
1
0
1
1
3
0
0
1
0
0
0
0
1
0
1
0
2
0
1
0
1
1
2
0
0
0
0
1
0
0
0
0
2
0
0
0
0
0
0
0
1
0
1
1
1
1
2
0
1
2
1
0
1
0
0
2
1
0
0
1
1
0
0
0
2
0
0
0
0
0
1
0
2
0
0
0
0
1
2
2
0
0
0
1
0
0
1
1
0
0
0
2
1
0
0
1
3
0
1
0
0
0
0
1
1
0
0
1
0
0
1
1
0
0
0
1
0
0
0
0
0
2
0
0
0
0
0
0
0
1
1
0
3
1
0
0
0
2
0
1
0
0
0
0
0
1
2
0
0
0
1
0
0
0
0
1
0
1
0
0
0
1
1
0
0
0
1
1
0
2
0
0
0
1
0
2
0
0
0
1
1
0
1
0
3
0
0
0
1
0
0
1
0
0
0
0
1
3
0
1
0
0
0
0
0
0
0
1
1
2
0
1
0
1
0
1
0
0
0
0
2
0
1
1
0
0
0
0
0
1
1
0
0
0
0
0
0
1
0
1
1
1
2
0
1
0
0
1
2
1
0
0
1
2
0
0
1
0
2
1
1
0
0
0
0
0
0
0
2
0
1
0
1
0
1
2
2
0
1
0
0
0
0
0
0
0
0
0
0
0
1
0
0
1
1
0
0
0
0
1
0
1
0
1
1
0
0
0
0
1
0
0
2
0
1
0
0
1
0
2
2
0
0
0
1
0
2
1
1
1
1
0
0
0
2
0
1
0
2
0
0
0
0
0
2
0
1
1
0
1
0
1
1
0
0
0
0
0
0
1
0
1
0
1
0
0
1
0
0
0
1
1
0
0
0
0
1
1
1
1
0
1
0
0
0
0
0
0
1
0
1
1
1
1
1
0
1
0
0
0
1
1
0
0
1
0
0
0
0
1
2
0
0
0
0
1
0
0
0
0
0
1
0
2
1
0
0
1
0
0
1
0
0
0
0
0
0
0
0
1
0
1
1
0
0
0
0
0
0
0
0
1
1
0
1
1
0
2
0
1
0
0
0
0
0
0
0
0
0
1
0
1
1
0
0
0
0
0
1
0
1
0
0
0
0
1
0
0
0
1
0
0
1
0
1
0
0
1
0
0
0
1
0
0
1
0
0
0
0
1
0
0
0
0
0
0
3
0
0
0
1
0
0
1
1
1
0
0
0
0
1
0
0
0
0
1
0
1
1
0
0
0
1
0
0
0
0
0
0
0
0
0
0
0
1
0
0
0
0
0
0
0
0
0
0
0
0
0
0
0
0
0
0
0
0
0
0
0
0
0
0
0
0
0
0
0
0
1
1
0
1
0
0
0
0
0
1
1
0
0
0
0
1
0
0
0
0
0
0
0
0
0
0
0
0
0
0
0
0
0
0
1
0
1
0
0
0
0
0
0
0
0
0
0
0
0
0
0
0
1
1
0
0
0
1
1
1
0
0
0
0
0
0
0
0
1
0
0
1
0
0
0
0
2
1
0
1
0
0
0
0
0
0
0
0
1
0
0
0
0
0
0
0
1
1
0
0
0
0
0
0
0
0
0
1
0
0
0
0
1
0
0
0
0
1
0
0
0
1
0
0
0
0
0
0
0
0
0
0
0
1
0
0
1
0
0
0
0
0
0
0
0
0
0
0
0
1
0
0
0
0
2
0
0
0
0
0
0
0
0
0
0
1
0
0
0
0
0
0
1
0
0
0
0
1
0
1
0
1
0
1
0
0
0
0
0
0
0
0
0
2
1
0
0
1
0
0
0
0
0
0
0
0
0
0
0
0
0
0
0
0
0
0
0
1
0
1
0
0
0
0
0
0
0
0
0
0
0
0
0
1
1
0
0
0
0
0
0
0
0
0
0
0
0
0
0
0
0
0
0
0
0
1
0
0
0
0
0
0
1
0
0
1
1
0
0
0
0
0
1
0
0
0
0
1
1
0
0
0
1
0
0
0
0
0
0
0
0
1
0
0
0
0
0
1
0
0
0
0
0
0
0
0
0
1
0
0
1
1
0
0
0
0
1
1
0
0
0
0
1
0
1
0
0
2
0
0
0
1
0
0
2
0
0
0
0
0
1
1
2
0
1
0
1
0
1
0
0
0
1
0
1
0
0
0
0
1
1
1
0
0
0
2
1
0
0
4
0
1
0
0
1
0
1
0
1
1
0
0
1
0
1
0
1
1
2
1
0
1
1
0
0
1
0
1
1
1
0
1
0
1
2
1
2
2
2
1
0
0
1
0
0
1
2
1
3
0
2
1
0
1
0
2
0
0
0
2
2
0
1
1
0
0
1
0
0
0
0
0
0
0
1
0
1
0
1
1
0
0
3
0
2
2
1
0
1
0
2
1
2
0
1
1
1
2
1
1
2
1
0
0
0
1
0
2
2
2
1
0
4
0
1
1
2
1
1
4
0
0
1
2
0
2
0
1
0
0
0
0
0
1
0
0
0
2
0
0
0
2
0
1
2
0
0
1
3
1
0
0
0
0
0
1
0
1
0
0
0
0
1
2
1
1
2
1
1
1
0
0
0
1
0
0
0
1
1
1
0
1
1
0
0
0
1
1
0
0
0
0
2
0
0
0
0
1
0
0
0
0
1
0
1
0
0
0
0
0
0
0
0
1
0
0
0
0
2
0
0
0
0
0
0
0
1
1
0
0
0
0
0
1
0
0
0
1
0
0
0
0
0
0
0
0
1
0
0
0
0
1
0
0
0
0
0
0
0
0
0
0
0
0
0
0
0
0
1
0
1
0
0
0
0
0
0
0
0
0
0
1
0
0
0
0
0
1
0
0
1
0
0
0
0
0
0
0
0
0
0
0
0
0
2
0
1
0
0
0
0
0
0
0
0
0
0
0
0
0
0
0
0
0
0
0
0
0
0
0
0
1
0
0
0
0
0
0
0
0
0
0
0
0
0
0
0
0
0
0
0
0
0
0
0
0
0
1
0
0
0
0
0
0
0
0
0
0
0
0
0
0
0
0
0
0
0
0
0
0
0
0
0
0
0
0
0
0
0
0
0
0
0
0
0
0
0
0
0
0
0
0
0
0
0
0
0
0
0
0
0
0
0
0
0
0
0
0
0
0
0
0
0
0
0
0
0
0
0
0
0
0
0
0
0
0
0
0
0
0
0
0
0
0
0
0
0
0
0
0
0
0
0
0
0
0
1
0
0
1
0
0
0
0
0
0
0
0
1
0
0
0
0
0
0
0
0
0
0
0
0
0
0
0
0
0
0
0
0
0
0
0
0
0
0
0
0
0
0
0
0
0
0
0
0
0
0
0
0
0
0
0
0
0
0
0
0
0
0
0
0
0
0
0
0
0
0
1
0
0
0
0
0
0
0
0
0
0
0
0
0
0
0
0
0
0
0
0
0
0
0
0
0
0
0
0
0
0
0
0
0
0
0
0
0
0
0
0
0
0
0
0
0
0
0
0
0
0
0
0
0
0
0
0
0
1
0
0
0
0
0
0
0
0
0
0
0
0
0
0
0
0
0
0
0
0
0
0
0
0
0
0
0
0
0
0
0
0
0
0
0
0
0
1
0
0
0
0
0
0
0
0
0
0
0
0
0
0
0
0
0
0
0
0
0
0
0
0
0
0
0
0
0
0
0
0
0
0
0
0
0
0
0
0
0
0
0
1
0
0
0
0
0
0
0
0
0
0
0
0
0
0
0
0
0
0
0
1
0
0
0
0
0
0
0
0
1
0
0
0
0
0
0
0
0
0
0
0
0
0
0
0
1
0
1
0
0
0
0
0
0
0
0
0
0
0
0
0
0
0
0
0
0
0
0
0
0
0
0
0
0
0
0
0
0
0
1
0
0
0
0
0
0
0
0
0
0
0
0
0
0
0
0
0
0
0
0
0
0
0
0
0
0
0
0
0
1
0
0
0
0
0
0
0
0
0
0
0
0
0
0
0
0
0
0
0
0
0
0
0
0
0
0
0
0
0
0
0
0
0
0
0
0
0
0
0
0
0
0
0
0
0
0
0
0
0
0
0
0
0
0
0
0
0
0
0
0
0
0
0
0
0
0
0
0
0
0
0
0
0
0
0
0
0
0
0
0
0
0
0
0
0
0
0
0
0
0
0
0
0
0
0
0
0
0
0
0
0
0
1
0
0
0
1
0
0
0
0
0
0
0
0
0
0
0
0
0
0
0
0
0
0
0
0
0
0
0
0
0
0
0
1
0
0
0
0
0
0
0
0
0
0
0
0
0
0
0
0
0
0
0
0
0
0
0
0
0
0
0
0
0
0
0
0
0
0
0
0
0
1
0
0
0
0
0
0
0
0
0
0
0
0
0
0
0
0
0
0
0
0
0
0
0
0
0
0
0
0
0
0
0
0
0
0
0
0
0
0
0
0
0
0
0
0
0
0
0
1
0
0
0
0
0
0
0
0
0
0
0
0
0
0
0
0
0
0
0
0
0
0
1
0
0
0
0
0
1
0
0
0
0
0
0
0
0
0
0
0
0
0
0
0
0
0
0
0
0
0
0
0
0
0
1
0
0
0
0
0
0
0
0
0
0
0
0
0
0
0
0
0
0
0
0
0
0
0
0
0
0
0
0
0
0
0
0
0
0
0
0
0
0
0
0
0
0
0
0
0
0
0
0
0
0
0
0
1
0
1
0
0
0
0
0
0
0
0
0
0
0
0
0
0
0
0
0
0
0
0
0
0
0
0
0
0
0
1
0
0
0
0
0
0
0
0
0
0
0
0
0
0
0
0
0
0
0
0
0
0
0
0
0
0
0
0
0
0
0
0
0
0
0
0
0
0
0
0
0
0
0
0
0
0
0
0
0
1
0
0
0
0
0
0
0
0
0
0
0
0
0
0
0
0
0
0
0
0
0
0
0
0
0
0
0
0
0
0
0
0
0
0
0
0
0
0
0
0
0
0
0
0
0
0
0
0
0
0
0
1
0
0
0
0
0
0
0
0
0
0
0
0
0
0
0
0
0
0
0
0
0
0
0
0
0
0
0
0
0
0
0
0
0
0
0
0
0
0
0
0
0
0
0
0
0
0
0
0
0
0
0
0
0
0
0
0
0
0
0
0
0
0
0
0
0
0
0
0
0
0
0
0
0
0
0
0
0
0
0
0
0
0
0
0
0
0
0
0
0
0
0
0
0
0
0
0
0
0
0
0
0
0
0
0
0
0
0
0
0
0
0
0
0
0
0
0
0
0
0
1
0
0
0
0
0
0
0
0
0
0
0
0
0
0
0
0
0
0
0
0
0
0
0
0
0
0
0
0
0
0
0
0
0
0
0
0
0
0
0
0
0
0
0
0
0
0
0
0
0
0
0
0
0
0
0
0
0
0
0
0
0
0
0
0
1
0
0
0
1
0
0
0
0
0
0
0
0
0
0
0
0
0
0
0
0
0
0
0
0
0
0
0
0
0
0
0
0
0
0
0
0
0
0
0
0
0
0
0
0
0
0
0
0
0
0
0
0
0
0
0
0
0
0
1
0
0
0
0
0
0
0
0
0
0
0
0
0
0
0
0
0
0
0
0
0
0
0
1
0
0
0
0
0
0
0
0
0
0
0
0
0
0
0
0
0
0
0
0
0
0
0
0
0
0
0
0
0
0
0
0
0
0
0
0
0
0
0
0
0
0
0
0
0
0
0
0
0
0
0
0
0
0
0
0
0
0
0
0
0
0
0
0
0
0
0
0
0
0
0
0
0
0
0
0
0
0
0
0
0
0
0
0
0
0
0
0
0
0
0
0
1
0
0
0
0
0
0
0
0
0
0
0
0
0
0
0
0
0
0
0
0
0
0
0
2
0
0
1
0
0
0
0
0
0
0
0
1
0
0
0
0
0
0
0
0
0
0
0
0
0
0
0
0
0
0
0
0
0
0
0
0
0
0
0
0
0
0
0
0
0
0
0
0
0
0
0
0
0
0
0
0
0
0
0
0
0
0
0
0
0
0
0
0
0
0
0
0
0
0
0
0
0
0
0
0
1
0
0
0
0
0
0
0
0
0
0
0
0
0
0
0
0
0
0
0
0
0
0
0
0
0
0
0
0
0
0
0
0
0
1
0
0
0
0
0
0
0
0
0
0
0
0
0
0
1
0
0
0
0
0
0
0
0
0
0
0
0
0
0
0
0
0
0
0
0
0
0
0
0
0
0
0
0
1
0
0
0
0
0
0
0
0
0
0
0
0
0
0
0
2
0
0
0
0
0
0
0
0
0
0
0
0
0
0
0
0
0
0
0
0
0
0
0
0
0
0
0
0
0
0
0
0
0
0
0
0
0
0
0
0
0
0
0
0
0
0
0
0
0
0
0
1
0
0
0
0
0
0
0
0
0
0
0
0
0
0
0
0
0
0
0
0
0
0
0
0
0
0
0
0
0
0
0
0
0
0
0
0
0
0
0
0
0
0
0
0
0
0
0
0
0
0
0
0
0
0
0
0
0
0
0
0
0
0
0
0
0
0
0
0
0
0
0
1
0
0
0
0
0
0
0
0
0
0
0
0
0
0
0
0
0
0
0
0
0
0
0
0
0
0
0
0
0
0
0
0
0
0
0
0
0
0
0
0
0
0
0
0
0
0
0
0
0
0
0
1
0
0
0
0
0
0
0
0
0
0
0
0
0
0
0
0
0
0
0
0
0
0
0
0
0
0
0
0
0
0
0
0
0
0
0
0
0
0
0
0
0
0
0
0
0
0
0
0
0
0
0
0
0
0
0
0
0
0
0
0
0
0
0
0
0
0
0
0
0
0
0
0
0
0
0
0
0
0
0
0
0
0
0
0
0
0
0
0
0
0
0
0
0
0
0
0
0
0
0
0
0
0
0
0
0
0
0
0
0
0
0
0
0
0
0
0
0
0
0
0
0
0
0
1
0
0
0
0
0
0
0
0
0
0
0
0
0
0
0
0
0
0
0
0
0
0
0
0
