0,00	928,19
1,00	928,19
2,00	928,19
3,00	909,51
4,00	916,62
5,00	907,40
6,00	916,53
7,00	932,56
8,00	938,06
9,00	951,94
10,00	964,28
11,00	982,46
12,00	989,09
13,00	1019,82
14,00	1029,84
15,00	1041,98
16,00	1065,88
17,00	1082,19
18,00	1092,49
19,00	1124,70
20,00	1129,29
21,00	1142,06
22,00	1160,11
23,00	1193,58
24,00	1241,89
25,00	1262,25
26,00	1276,69
27,00	1282,82
28,00	1293,43
29,00	1301,01
30,00	1313,81
31,00	1320,95
32,00	1335,06
33,00	1333,50
34,00	1340,03
35,00	1347,96
36,00	1349,30
37,00	1351,10
38,00	1348,64
39,00	1367,41
40,00	1363,55
41,00	1368,68
42,00	1359,24
43,00	1367,36
44,00	1367,53
45,00	1367,62
46,00	1371,04
47,00	1376,35
48,00	1377,19
49,00	1381,55
50,00	1373,01
51,00	1382,09
52,00	1379,68
53,00	1384,29
54,00	1384,68
55,00	1385,29
56,00	1388,73
57,00	1390,00
58,00	1395,73
59,00	1391,43
60,00	1392,48
61,00	1395,68
62,00	1404,49
63,00	1408,65
64,00	1414,67
65,00	1422,30
66,00	1427,54
67,00	1428,45
68,00	1433,11
69,00	1445,16
70,00	1480,32
71,00	1464,24
72,00	1471,31
73,00	1470,14
74,00	1484,25
75,00	1483,27
76,00	1489,38
77,00	1499,04
78,00	1514,65
79,00	1531,74
80,00	1537,59
81,00	1541,24
82,00	1553,60
83,00	1569,14
84,00	1590,16
85,00	1591,07
86,00	1620,56
87,00	1624,12
88,00	1627,35
89,00	1640,08
90,00	1659,21
91,00	1680,62
92,00	1689,63
93,00	1716,31
94,00	1720,57
95,00	1738,71
96,00	1748,80
97,00	1801,02
98,00	1780,75
99,00	1808,86
100,00	1831,28
101,00	1851,25
102,00	1872,66
103,00	1899,04
104,00	1916,31
105,00	1943,07
106,00	1975,34
107,00	1976,49
108,00	2024,28
109,00	2021,71
110,00	2083,50
111,00	2103,02
112,00	2116,57
113,00	2158,86
114,00	2180,54
115,00	2223,20
116,00	2242,19
117,00	2302,81
118,00	2335,08
119,00	2350,97
120,00	2388,05
121,00	2434,53
122,00	2457,96
123,00	2490,00
124,00	2537,73
125,00	2579,20
126,00	2635,65
127,00	2685,55
128,00	2706,97
129,00	2794,53
130,00	2791,46
131,00	2839,14
132,00	2887,99
133,00	2971,97
134,00	2991,81
135,00	3062,10
136,00	3107,39
137,00	3172,08
138,00	3232,23
139,00	3294,02
140,00	3327,47
141,00	3414,40
142,00	3446,91
143,00	3479,46
144,00	3539,01
145,00	3594,85
146,00	3732,03
147,00	3779,45
148,00	3814,84
149,00	3968,64
150,00	4011,58
151,00	4110,59
152,00	4104,04
153,00	4130,65
154,00	4298,09
155,00	4332,66
156,00	4384,24
157,00	4518,24
158,00	4546,68
159,00	4672,06
160,00	4753,93
161,00	4840,27
162,00	4849,66
163,00	4955,45
164,00	5109,74
165,00	5157,04
166,00	5269,72
167,00	5355,15
168,00	5425,24
169,00	5558,40
170,00	5638,82
171,00	5711,05
172,00	5801,84
173,00	5914,65
174,00	6060,65
175,00	6191,28
176,00	6279,10
177,00	6383,41
178,00	6501,89
179,00	6593,64
180,00	6683,03
181,00	6817,40
182,00	6980,93
183,00	7102,54
184,00	7149,66
185,00	7231,90
186,00	7418,87
187,00	7577,81
188,00	7657,83
189,00	7807,14
190,00	8001,14
191,00	8026,21
192,00	8220,80
193,00	8444,63
194,00	8522,45
195,00	8662,32
196,00	8882,73
197,00	9005,82
198,00	9138,72
199,00	9241,16
200,00	9504,61
201,00	9657,92
202,00	9851,24
203,00	9739,25
204,00	10182,62
205,00	10302,80
206,00	10423,90
207,00	10654,14
208,00	10900,32
209,00	11014,35
210,00	11276,09
211,00	11382,63
212,00	11609,03
213,00	11738,89
214,00	11904,83
215,00	12175,09
216,00	12324,96
217,00	12646,13
218,00	12681,58
219,00	12943,86
220,00	13243,94
221,00	13425,55
222,00	13612,88
223,00	13865,43
224,00	14150,62
225,00	14401,90
226,00	14592,98
227,00	14648,34
228,00	15059,36
229,00	15295,56
230,00	15399,79
231,00	15709,49
232,00	15979,24
233,00	16378,88
234,00	16357,02
235,00	16796,83
236,00	17104,00
237,00	17321,04
238,00	17584,91
239,00	17692,11
240,00	18177,82
241,00	18151,58
242,00	18852,38
243,00	18983,66
244,00	19253,55
245,00	19606,46
246,00	19833,56
247,00	20458,55
248,00	20397,32
249,00	20998,12
250,00	20909,67
251,00	21656,74
252,00	21505,97
253,00	21826,67
254,00	22776,01
255,00	22726,81
256,00	23414,37
257,00	23461,41
258,00	24101,20
259,00	24124,84
260,00	24748,43
261,00	24704,00
262,00	25025,83
263,00	26057,77
264,00	25767,80
265,00	26237,57
266,00	26955,18
267,00	26836,42
268,00	27639,36
269,00	28156,13
270,00	27797,72
271,00	28801,25
272,00	28909,29
273,00	29509,12
274,00	29885,04
275,00	30127,63
276,00	30364,19
277,00	30697,30
278,00	30469,54
279,00	31443,34
280,00	32375,44
281,00	32201,30
282,00	32564,48
283,00	33183,46
284,00	33162,11
285,00	33930,86
286,00	33681,88
287,00	34327,77
288,00	34593,45
289,00	34353,59
290,00	34775,82
291,00	34874,31
292,00	35032,09
293,00	34487,44
294,00	34642,53
295,00	34213,79
296,00	34958,29
297,00	34816,92
298,00	36124,20
299,00	36029,06
300,00	36884,24
301,00	36188,15
302,00	36266,88
303,00	36904,65
304,00	35935,20
305,00	36266,46
306,00	36495,25
307,00	36273,04
308,00	36079,05
309,00	35886,17
310,00	35345,37
311,00	35286,78
312,00	35832,41
313,00	34905,18
314,00	34874,01
315,00	35235,69
316,00	34669,51
317,00	34435,60
318,00	34388,91
319,00	33572,81
320,00	33581,91
321,00	33272,38
322,00	32735,72
323,00	32587,91
324,00	31991,96
325,00	31511,19
326,00	31344,81
327,00	30818,63
328,00	30694,14
329,00	30637,59
330,00	29792,37
331,00	29289,04
332,00	28548,31
333,00	28532,63
334,00	28180,33
335,00	27836,04
336,00	27301,25
337,00	27055,47
338,00	26757,10
339,00	26279,39
340,00	25710,86
341,00	25652,27
342,00	24843,20
343,00	24730,94
344,00	24061,22
345,00	24078,75
346,00	23335,19
347,00	23305,37
348,00	22747,53
349,00	22487,09
350,00	22143,18
351,00	22133,72
352,00	21678,74
353,00	21273,43
354,00	20908,54
355,00	20722,73
356,00	20620,80
357,00	20222,74
358,00	20133,22
359,00	19563,18
360,00	19518,45
361,00	19374,72
362,00	19198,55
363,00	18735,85
364,00	18827,15
365,00	18603,37
366,00	18388,30
367,00	18087,61
368,00	18176,13
369,00	18009,32
370,00	17648,65
371,00	17745,01
372,00	17460,28
373,00	17469,20
374,00	17284,58
375,00	17162,75
376,00	17019,79
377,00	16956,29
378,00	16934,41
379,00	16710,47
380,00	16582,60
381,00	16537,41
382,00	16354,28
383,00	16257,95
384,00	15931,14
385,00	15953,47
386,00	15806,81
387,00	15652,17
388,00	15488,80
389,00	15358,74
390,00	15215,89
391,00	15142,14
392,00	15068,30
393,00	14899,50
394,00	14659,45
395,00	14638,90
396,00	14556,94
397,00	14364,41
398,00	14198,37
399,00	14148,33
400,00	14004,38
401,00	13908,47
402,00	13784,09
403,00	13764,69
404,00	13630,55
405,00	13550,30
406,00	13403,52
407,00	13277,30
408,00	13139,42
409,00	12968,11
410,00	12991,17
411,00	12795,12
412,00	12732,05
413,00	12571,91
414,00	12501,13
415,00	12395,36
416,00	12371,91
417,00	12223,05
418,00	12104,15
419,00	12012,00
420,00	11843,39
421,00	11750,85
422,00	11771,33
423,00	11574,42
424,00	11434,43
425,00	11380,50
426,00	11333,08
427,00	11172,85
428,00	11100,39
429,00	11015,80
430,00	10928,83
431,00	10831,23
432,00	10637,27
433,00	10640,15
434,00	10528,71
435,00	10441,18
436,00	10331,64
437,00	10349,47
438,00	10161,74
439,00	10127,17
440,00	9998,93
441,00	10043,57
442,00	9880,85
443,00	9827,58
444,00	9765,14
445,00	9669,83
446,00	9605,93
447,00	9525,33
448,00	9503,30
449,00	9448,09
450,00	9345,83
451,00	9281,61
452,00	9261,62
453,00	9225,83
454,00	9159,24
455,00	9106,53
456,00	9064,78
457,00	9051,04
458,00	8998,73
459,00	8900,19
460,00	8938,08
461,00	8858,60
462,00	8885,31
463,00	8836,65
464,00	8821,25
465,00	8792,11
466,00	8712,88
467,00	8708,81
468,00	8701,04
469,00	8671,66
470,00	8685,61
471,00	8654,32
472,00	8610,48
473,00	8603,67
474,00	8585,13
475,00	8603,81
476,00	8565,33
477,00	8560,28
478,00	8529,90
479,00	8564,56
480,00	8566,13
481,00	8596,86
482,00	8510,33
483,00	8534,27
484,00	8519,48
485,00	8509,67
486,00	8503,12
487,00	8519,92
488,00	8485,14
489,00	8515,52
490,00	8474,05
491,00	8488,40
492,00	8478,78
493,00	8508,46
494,00	8516,83
495,00	8514,14
496,00	8499,37
497,00	8514,00
498,00	8569,29
499,00	8527,98
500,00	8557,72
501,00	8550,89
502,00	8573,43
503,00	8601,96
504,00	8603,81
505,00	8628,99
506,00	8593,93
507,00	8654,79
508,00	8649,68
509,00	8661,41
510,00	8652,47
511,00	8705,15
512,00	8723,60
513,00	8732,82
514,00	8799,81
515,00	8781,27
516,00	8818,44
517,00	8820,52
518,00	8905,55
519,00	8896,59
520,00	8923,69
521,00	8902,09
522,00	8999,29
523,00	9024,50
524,00	9014,20
525,00	9114,75
526,00	9208,02
527,00	9186,77
528,00	9158,73
529,00	9275,57
530,00	9317,32
531,00	9414,69
532,00	9476,24
533,00	9529,58
534,00	9521,81
535,00	9532,37
536,00	9630,91
537,00	9670,79
538,00	9753,11
539,00	9809,70
540,00	9864,40
541,00	9968,74
542,00	10021,45
543,00	10130,80
544,00	10179,72
545,00	10195,70
546,00	10257,44
547,00	10422,03
548,00	10428,75
549,00	10594,79
550,00	10640,12
551,00	10741,09
552,00	10821,77
553,00	10844,40
554,00	11004,45
555,00	11148,81
556,00	11197,36
557,00	11329,15
558,00	11352,46
559,00	11509,40
560,00	11690,84
561,00	11741,63
562,00	11868,13
563,00	11973,83
564,00	12029,04
565,00	12129,87
566,00	12248,66
567,00	12392,97
568,00	12575,96
569,00	12686,24
570,00	12696,91
571,00	12840,60
572,00	13006,59
573,00	13216,05
574,00	13363,15
575,00	13417,40
576,00	13561,27
577,00	13568,90
578,00	13815,06
579,00	13949,59
580,00	14087,38
581,00	14220,84
582,00	14253,82
583,00	14537,65
584,00	14654,75
585,00	14876,35
586,00	14993,85
587,00	15036,09
588,00	15185,11
589,00	15390,99
590,00	15663,64
591,00	15686,36
592,00	15917,07
593,00	15950,54
594,00	16121,02
595,00	16326,50
596,00	16417,85
597,00	16767,62
598,00	16905,39
599,00	17021,64
600,00	17183,39
601,00	17446,00
602,00	17405,91
603,00	17691,24
604,00	17836,01
605,00	18034,93
606,00	18182,69
607,00	18302,26
608,00	18577,32
609,00	18664,81
610,00	18795,58
611,00	19100,36
612,00	19245,71
613,00	19343,50
614,00	19595,64
615,00	19874,59
616,00	19914,80
617,00	20187,28
618,00	20326,20
619,00	20546,79
620,00	20628,36
621,00	20735,27
622,00	21170,80
623,00	21229,60
624,00	21488,06
625,00	21655,50
626,00	21751,39
627,00	22124,10
628,00	22114,32
629,00	22420,60
630,00	22447,21
631,00	22779,80
632,00	22884,19
633,00	23130,74
634,00	23355,22
635,00	23429,30
636,00	23663,17
637,00	23805,33
638,00	24066,46
639,00	24204,91
640,00	24491,95
641,00	24574,55
642,00	24757,37
643,00	24951,80
644,00	25177,80
645,00	25317,69
646,00	25540,42
647,00	25713,17
648,00	25890,42
649,00	26080,94
650,00	26232,02
651,00	26451,05
652,00	26632,53
653,00	26839,04
654,00	26827,10
655,00	27155,67
656,00	27355,64
657,00	27458,88
658,00	27650,11
659,00	27750,68
660,00	27971,48
661,00	28087,65
662,00	28396,20
663,00	28395,22
664,00	28647,08
665,00	28760,36
666,00	28955,96
667,00	29059,79
668,00	29298,80
669,00	29436,59
670,00	29538,71
671,00	29819,60
672,00	29854,70
673,00	29934,28
674,00	30177,11
675,00	30412,45
676,00	30534,77
677,00	30710,50
678,00	30629,14
679,00	30864,13
680,00	31114,68
681,00	31144,71
682,00	31185,60
683,00	31387,94
684,00	31617,31
685,00	31740,12
686,00	31875,62
687,00	31939,14
688,00	32007,46
689,00	32151,80
690,00	32391,98
691,00	32296,05
692,00	32401,77
693,00	32577,71
694,00	32766,21
695,00	32970,28
696,00	32929,89
697,00	33220,96
698,00	33265,71
699,00	33200,19
700,00	33330,63
701,00	33572,34
702,00	33597,29
703,00	33818,19
704,00	33876,73
705,00	33922,16
706,00	34064,27
707,00	34040,03
708,00	34190,52
709,00	34271,72
710,00	34245,71
711,00	34525,15
712,00	34539,82
713,00	34668,27
714,00	34795,15
715,00	34856,87
716,00	34881,94
717,00	34945,88
718,00	35020,20
719,00	35100,03
720,00	35128,26
721,00	35337,01
722,00	35581,81
723,00	35526,92
724,00	35545,29
725,00	35571,34
726,00	35675,66
727,00	35845,66
728,00	35728,09
729,00	36082,05
730,00	35602,85
731,00	36021,15
732,00	36155,94
733,00	36192,87
734,00	35853,40
735,00	36393,76
736,00	36387,37
737,00	36223,65
738,00	36299,79
739,00	36205,82
740,00	36513,27
741,00	36729,47
742,00	36651,50
743,00	36677,69
744,00	36756,99
745,00	36677,15
746,00	36849,63
747,00	36840,29
748,00	36958,67
749,00	37010,82
750,00	37002,79
751,00	36879,24
752,00	37139,06
753,00	37193,03
754,00	37455,34
755,00	37358,02
756,00	36808,81
757,00	37428,00
758,00	37381,96
759,00	37691,00
760,00	37424,98
761,00	37522,46
762,00	37696,53
763,00	37603,96
764,00	37684,31
765,00	37660,27
766,00	37663,25
767,00	37657,58
768,00	37735,52
769,00	37720,28
770,00	37788,70
771,00	37692,88
772,00	37874,03
773,00	38526,08
774,00	38023,97
775,00	37889,32
776,00	37921,31
777,00	38369,01
778,00	38022,70
779,00	38199,04
780,00	38012,83
781,00	38433,56
782,00	38337,13
783,00	38128,05
784,00	38496,20
785,00	38034,76
786,00	38169,99
787,00	38351,36
788,00	38539,61
789,00	38797,19
790,00	38529,22
791,00	38671,22
792,00	38726,36
793,00	38736,05
794,00	38618,75
795,00	38832,30
796,00	38698,18
797,00	38996,86
798,00	38781,27
799,00	38899,56
800,00	38651,63
801,00	39009,59
802,00	38894,30
803,00	39148,99
804,00	39088,63
805,00	38946,51
806,00	38918,15
807,00	39178,77
808,00	39153,30
809,00	39213,22
810,00	39341,20
811,00	39217,36
812,00	39330,53
813,00	39168,05
814,00	39106,98
815,00	39196,93
816,00	39141,06
817,00	39046,13
818,00	39162,90
819,00	39078,01
820,00	39305,15
821,00	39286,76
822,00	38991,34
823,00	39452,42
824,00	39446,24
825,00	39388,08
826,00	39507,28
827,00	39360,46
828,00	39355,50
829,00	39438,61
830,00	39656,73
831,00	39554,61
832,00	39557,51
833,00	39589,39
834,00	39658,86
835,00	39297,22
836,00	39696,66
837,00	39443,13
838,00	39633,02
839,00	39767,11
840,00	39716,97
841,00	39831,21
842,00	39774,15
843,00	39890,55
844,00	39648,39
845,00	39807,95
846,00	39693,87
847,00	39966,82
848,00	39764,67
849,00	39971,67
850,00	39737,62
851,00	39903,44
852,00	39857,73
853,00	39846,15
854,00	40026,20
855,00	39856,35
856,00	39983,28
857,00	39935,09
858,00	39836,39
859,00	39960,90
860,00	40122,63
861,00	39994,42
862,00	39941,94
863,00	39986,81
864,00	39891,34
865,00	39858,81
866,00	39938,55
867,00	40082,14
868,00	39862,13
869,00	40020,40
870,00	39977,45
871,00	40048,11
872,00	39872,80
873,00	40019,70
874,00	39879,33
875,00	40022,65
876,00	39892,96
877,00	39840,51
878,00	39794,51
879,00	39782,74
880,00	39866,30
881,00	39787,49
882,00	39990,04
883,00	39797,35
884,00	39876,13
885,00	39832,57
886,00	39757,58
887,00	40006,17
888,00	39682,19
889,00	39736,42
890,00	39751,64
891,00	39966,22
892,00	39728,35
893,00	39536,40
894,00	39779,75
895,00	39750,46
896,00	39518,00
897,00	39701,13
898,00	39702,23
899,00	39668,12
900,00	39599,64
901,00	39741,90
902,00	39581,13
903,00	39457,10
904,00	39588,83
905,00	39657,99
906,00	39487,95
907,00	39435,76
908,00	39254,79
909,00	39562,05
910,00	39355,80
911,00	39321,47
912,00	39363,74
913,00	39367,46
914,00	39185,97
915,00	39373,50
916,00	39258,06
917,00	39232,25
918,00	39124,18
919,00	39022,21
920,00	39109,20
921,00	39033,84
922,00	38983,75
923,00	38931,77
924,00	38908,86
925,00	38778,86
926,00	38990,14
927,00	38730,53
928,00	38812,00
929,00	38640,51
930,00	38667,03
931,00	38430,59
932,00	38583,57
933,00	38588,11
934,00	38402,46
935,00	38384,34
936,00	38496,71
937,00	38446,22
938,00	38164,00
939,00	38234,64
940,00	38260,55
941,00	38196,58
942,00	38050,77
943,00	38011,21
944,00	38213,90
945,00	37781,28
946,00	38017,09
947,00	37842,95
948,00	37747,11
949,00	37777,37
950,00	37757,45
951,00	37588,30
952,00	37669,21
953,00	37471,72
954,00	37558,04
955,00	37298,00
956,00	37332,93
957,00	37185,64
958,00	37345,14
959,00	37270,50
960,00	37038,88
961,00	37050,05
962,00	37001,32
963,00	36832,26
964,00	36879,68
965,00	36673,97
966,00	36619,74
967,00	36671,30
968,00	36569,68
969,00	36659,83
970,00	36585,66
971,00	36445,89
972,00	36496,46
973,00	36428,45
974,00	36151,54
975,00	36313,15
976,00	36162,00
977,00	36092,51
978,00	36034,89
979,00	35898,74
980,00	35723,53
981,00	35881,61
982,00	35815,86
983,00	35657,57
984,00	35784,78
985,00	35552,32
986,00	35561,96
987,00	35405,38
988,00	35586,56
989,00	35480,34
990,00	35124,28
991,00	35303,63
992,00	35217,99
993,00	35165,80
994,00	34799,53
995,00	34886,69
996,00	34703,71
997,00	34401,15
998,00	34526,51
999,00	34498,19
1000,00	34228,51
1001,00	34602,41
1002,00	34518,36
1003,00	34545,91
1004,00	34399,32
1005,00	34555,60
1006,00	34196,05
1007,00	34411,02
1008,00	33911,32
1009,00	34116,58
1010,00	34094,16
1011,00	34042,53
1012,00	33816,46
1013,00	33965,95
1014,00	33723,84
1015,00	33847,07
1016,00	33457,09
1017,00	33490,63
1018,00	33616,69
1019,00	33481,69
1020,00	33265,82
1021,00	33304,82
1022,00	33294,78
1023,00	33156,33
1024,00	33138,15
1025,00	33056,53
1026,00	33111,07
1027,00	32902,99
1028,00	32784,40
1029,00	32885,18
1030,00	32496,91
1031,00	32617,42
1032,00	32604,01
1033,00	32535,65
1034,00	32572,77
1035,00	32251,04
1036,00	32167,36
1037,00	32375,62
1038,00	32254,78
1039,00	32097,90
1040,00	32113,13
1041,00	32144,94
1042,00	31967,32
1043,00	31892,35
1044,00	31879,48
1045,00	31782,63
1046,00	31832,36
1047,00	31422,60
1048,00	31666,42
1049,00	31663,82
1050,00	31577,06
1051,00	31331,35
1052,00	31291,39
1053,00	31401,91
1054,00	31365,54
1055,00	31220,13
1056,00	31057,72
1057,00	30908,95
1058,00	30908,41
1059,00	30969,41
1060,00	30910,73
1061,00	30577,53
1062,00	30758,10
1063,00	30888,78
1064,00	30775,47
1065,00	30599,74
1066,00	30488,19
1067,00	30462,54
1068,00	30249,22
1069,00	30064,74
1070,00	29602,00
1071,00	29536,37
1072,00	29797,31
1073,00	29435,42
1074,00	29925,46
1075,00	29842,46
1076,00	29952,72
1077,00	29907,39
1078,00	29850,05
1079,00	29552,77
1080,00	29707,32
1081,00	29675,04
1082,00	29478,30
1083,00	29437,78
1084,00	29562,02
1085,00	29350,65
1086,00	29314,16
1087,00	29274,06
1088,00	29121,16
1089,00	29245,37
1090,00	29085,86
1091,00	29030,41
1092,00	29140,79
1093,00	28792,38
1094,00	28885,11
1095,00	28812,91
1096,00	28765,25
1097,00	28751,12
1098,00	28593,37
1099,00	28598,77
1100,00	28494,90
1101,00	28315,89
1102,00	28439,36
1103,00	28382,06
1104,00	28224,85
1105,00	28209,52
1106,00	28104,08
1107,00	28055,16
1108,00	28043,69
1109,00	27976,61
1110,00	27937,90
1111,00	27939,77
1112,00	27780,31
1113,00	27830,12
1114,00	27625,30
1115,00	27544,85
1116,00	27597,02
1117,00	27405,24
1118,00	27377,01
1119,00	27251,61
1120,00	27391,87
1121,00	27172,05
1122,00	27330,37
1123,00	27080,91
1124,00	27247,07
1125,00	27050,67
1126,00	27038,01
1127,00	26900,27
1128,00	26887,09
1129,00	26687,28
1130,00	26730,79
1131,00	26735,71
1132,00	26554,27
1133,00	26519,98
1134,00	26347,18
1135,00	26420,93
1136,00	26326,58
1137,00	26451,80
1138,00	26113,94
1139,00	26167,10
1140,00	26125,48
1141,00	26172,85
1142,00	25931,66
1143,00	25790,55
1144,00	25725,69
1145,00	25816,11
1146,00	25710,57
1147,00	25554,02
1148,00	25543,41
1149,00	25560,29
1150,00	25492,67
1151,00	25473,08
1152,00	25342,64
1153,00	25329,11
1154,00	25268,61
1155,00	25248,25
1156,00	25072,08
1157,00	24970,26
1158,00	24926,66
1159,00	24872,97
1160,00	24962,40
1161,00	24739,93
1162,00	24691,62
1163,00	24721,11
1164,00	24575,13
1165,00	24536,40
1166,00	24473,39
1167,00	24421,76
1168,00	24342,02
1169,00	24345,76
1170,00	24147,42
1171,00	24136,54
1172,00	24088,21
1173,00	24007,72
1174,00	24011,32
1175,00	23925,99
1176,00	23859,35
1177,00	23711,17
1178,00	23642,55
1179,00	23717,05
1180,00	23621,08
1181,00	23500,22
1182,00	23421,39
1183,00	23333,60
1184,00	23306,63
1185,00	23197,75
1186,00	23158,71
1187,00	23143,66
1188,00	23070,12
1189,00	22995,76
1190,00	22970,42
1191,00	22843,21
1192,00	22780,43
1193,00	22650,18
1194,00	22760,91
1195,00	22511,74
1196,00	22522,83
1197,00	22427,90
1198,00	22362,32
1199,00	22397,83
1200,00	22217,58
1201,00	22131,01
1202,00	22131,43
1203,00	21953,55
1204,00	22032,09
1205,00	21985,75
1206,00	21790,32
1207,00	21807,89
1208,00	21654,82
1209,00	21623,67
1210,00	21570,94
1211,00	21501,21
1212,00	21377,17
1213,00	21382,46
1214,00	21373,33
1215,00	21278,51
1216,00	21142,18
1217,00	21064,96
1218,00	21103,42
1219,00	20961,30
1220,00	20926,17
1221,00	20722,14
1222,00	20829,04
1223,00	20673,48
1224,00	20609,80
1225,00	20583,61
1226,00	20468,66
1227,00	20383,28
1228,00	20331,02
1229,00	20294,67
1230,00	20210,08
1231,00	20095,98
1232,00	20050,01
1233,00	20011,02
1234,00	19918,90
1235,00	19909,04
1236,00	19847,93
1237,00	19661,39
1238,00	19668,08
1239,00	19583,08
1240,00	19428,86
1241,00	19504,88
1242,00	19344,41
1243,00	19336,83
1244,00	19250,13
1245,00	19112,72
1246,00	19085,08
1247,00	19083,23
1248,00	18937,06
1249,00	18858,89
1250,00	18811,19
1251,00	18722,62
1252,00	18619,24
1253,00	18608,22
1254,00	18507,97
1255,00	18481,29
1256,00	18457,72
1257,00	18394,95
1258,00	18212,95
1259,00	18124,99
1260,00	18196,40
1261,00	18055,81
1262,00	18030,71
1263,00	17892,30
1264,00	17808,46
1265,00	17821,82
1266,00	17764,71
1267,00	17649,82
1268,00	17598,72
1269,00	17508,73
1270,00	17462,50
1271,00	17382,46
1272,00	17364,74
1273,00	17304,28
1274,00	17220,47
1275,00	17082,21
1276,00	17094,99
1277,00	16970,87
1278,00	17077,53
1279,00	16737,97
1280,00	16875,50
1281,00	16696,21
1282,00	16652,54
1283,00	16576,80
1284,00	16537,90
1285,00	16444,32
1286,00	16468,13
1287,00	16320,51
1288,00	16275,08
1289,00	16286,59
1290,00	16107,19
1291,00	16109,02
1292,00	16055,28
1293,00	15981,69
1294,00	15866,37
1295,00	15824,95
1296,00	15774,39
1297,00	15698,23
1298,00	15639,86
1299,00	15541,86
1300,00	15573,60
1301,00	15535,26
1302,00	15409,20
1303,00	15384,93
1304,00	15340,39
1305,00	15226,57
1306,00	15125,50
1307,00	15125,74
1308,00	14994,45
1309,00	14964,61
1310,00	14975,80
1311,00	14851,05
1312,00	14868,63
1313,00	14761,15
1314,00	14641,41
1315,00	14677,59
1316,00	14576,83
1317,00	14566,53
1318,00	14438,48
1319,00	14449,77
1320,00	14366,86
1321,00	14358,39
1322,00	14240,22
1323,00	14224,35
1324,00	14147,70
1325,00	14064,47
1326,00	14088,46
1327,00	13969,23
1328,00	13947,35
1329,00	13884,36
1330,00	13866,88
1331,00	13709,01
1332,00	13740,54
1333,00	13719,03
1334,00	13595,26
1335,00	13521,84
1336,00	13510,18
1337,00	13462,55
1338,00	13456,07
1339,00	13419,39
1340,00	13401,14
1341,00	13283,76
1342,00	13190,11
1343,00	13144,17
1344,00	13048,77
1345,00	13067,33
1346,00	13019,04
1347,00	13019,89
1348,00	12895,58
1349,00	12807,36
1350,00	12820,24
1351,00	12733,87
1352,00	12568,56
1353,00	12731,93
1354,00	12603,46
1355,00	12555,94
1356,00	12557,51
1357,00	12379,28
1358,00	12339,61
1359,00	12288,73
1360,00	12289,22
1361,00	12264,48
1362,00	12221,55
1363,00	12174,67
1364,00	12105,58
1365,00	12144,43
1366,00	11903,33
1367,00	12026,47
1368,00	11954,08
1369,00	11841,26
1370,00	11880,79
1371,00	11795,13
1372,00	11776,43
1373,00	11752,30
1374,00	11640,12
1375,00	11581,70
1376,00	11568,82
1377,00	11611,96
1378,00	11481,47
1379,00	11472,30
1380,00	11440,44
1381,00	11334,63
1382,00	11318,01
1383,00	11311,06
1384,00	11331,89
1385,00	11224,69
1386,00	11135,12
1387,00	11168,22
1388,00	11125,85
1389,00	11036,07
1390,00	10921,74
1391,00	10873,40
1392,00	10944,02
1393,00	10921,74
1394,00	10844,64
1395,00	10830,67
1396,00	10744,51
1397,00	10683,54
1398,00	10804,26
1399,00	10736,58
1400,00	10633,90
1401,00	10700,65
1402,00	10585,21
1403,00	10559,96
1404,00	10425,19
1405,00	10490,52
1406,00	10408,92
1407,00	10381,70
1408,00	10364,66
1409,00	10256,39
1410,00	10265,00
1411,00	10286,23
1412,00	10179,88
1413,00	10166,96
1414,00	10109,41
1415,00	10028,24
1416,00	10005,70
1417,00	9989,29
1418,00	9933,65
1419,00	9906,22
1420,00	9814,36
1421,00	9828,14
1422,00	9800,43
1423,00	9783,46
1424,00	9767,59
1425,00	9683,31
1426,00	9704,96
1427,00	9642,89
1428,00	9554,56
1429,00	9603,90
1430,00	9490,26
1431,00	9475,50
1432,00	9450,24
1433,00	9454,45
1434,00	9412,30
1435,00	9362,33
1436,00	9366,38
1437,00	9355,71
1438,00	9273,44
1439,00	9227,75
1440,00	9204,65
1441,00	9170,83
1442,00	9127,83
1443,00	9091,46
1444,00	9065,36
1445,00	9017,87
1446,00	9049,85
1447,00	8971,16
1448,00	8972,12
1449,00	8900,54
1450,00	8883,18
1451,00	8843,64
1452,00	8809,71
1453,00	8783,05
1454,00	8761,02
1455,00	8723,74
1456,00	8711,33
1457,00	8666,07
1458,00	8634,59
1459,00	8569,36
1460,00	8548,22
1461,00	8539,82
1462,00	8501,83
1463,00	8413,59
1464,00	8444,04
1465,00	8390,96
1466,00	8365,82
1467,00	8344,13
1468,00	8333,20
1469,00	8267,94
1470,00	8226,49
1471,00	8243,60
1472,00	8201,94
1473,00	8133,13
1474,00	8134,09
1475,00	8095,44
1476,00	8089,90
1477,00	8073,82
1478,00	8029,30
1479,00	8002,15
1480,00	7984,55
1481,00	7946,12
1482,00	7888,35
1483,00	7878,24
1484,00	7848,07
1485,00	7835,36
1486,00	7801,50
1487,00	7752,60
1488,00	7773,76
1489,00	7725,50
1490,00	7662,68
1491,00	7649,97
1492,00	7598,55
1493,00	7596,44
1494,00	7531,66
1495,00	7569,48
1496,00	7483,72
1497,00	7476,30
1498,00	7429,59
1499,00	7431,95
1500,00	7369,67
1501,00	7370,63
1502,00	7338,09
1503,00	7292,66
1504,00	7272,68
1505,00	7301,93
1506,00	7255,89
1507,00	7195,39
1508,00	7202,88
1509,00	7162,34
1510,00	7123,23
1511,00	7135,24
1512,00	7038,62
1513,00	7077,85
1514,00	7044,52
1515,00	7003,68
1516,00	6998,53
1517,00	6954,62
1518,00	6945,54
1519,00	6876,59
1520,00	6871,25
1521,00	6847,56
1522,00	6832,47
1523,00	6799,33
1524,00	6797,34
1525,00	6751,53
1526,00	6719,30
1527,00	6714,58
1528,00	6660,81
1529,00	6619,74
1530,00	6626,24
1531,00	6591,77
1532,00	6576,88
1533,00	6538,68
1534,00	6513,99
1535,00	6479,77
1536,00	6453,70
1537,00	6439,61
1538,00	6436,01
1539,00	6422,80
1540,00	6388,82
1541,00	6393,88
1542,00	6363,57
1543,00	6299,79
1544,00	6306,29
1545,00	6256,79
1546,00	6223,09
1547,00	6208,76
1548,00	6209,77
1549,00	6161,09
1550,00	6148,10
1551,00	6115,16
1552,00	6068,54
1553,00	6066,25
1554,00	6069,99
1555,00	6023,28
1556,00	5995,68
1557,00	6014,71
1558,00	5951,75
1559,00	5945,64
1560,00	5917,60
1561,00	5889,84
1562,00	5894,99
1563,00	5874,86
1564,00	5799,24
1565,00	5829,95
1566,00	5779,74
1567,00	5759,47
1568,00	5743,82
1569,00	5716,71
1570,00	5693,99
1571,00	5643,59
1572,00	5643,57
1573,00	5627,30
1574,00	5622,06
1575,00	5590,35
1576,00	5571,55
1577,00	5551,59
1578,00	5533,40
1579,00	5508,50
1580,00	5490,15
1581,00	5455,79
1582,00	5438,02
1583,00	5444,44
1584,00	5392,41
1585,00	5373,61
1586,00	5367,53
1587,00	5338,20
1588,00	5279,94
1589,00	5304,73
1590,00	5266,53
1591,00	5237,58
1592,00	5259,49
1593,00	5205,87
1594,00	5216,75
1595,00	5159,45
1596,00	5144,29
1597,00	5129,96
1598,00	5101,46
1599,00	5111,61
1600,00	5063,98
1601,00	5064,80
1602,00	5026,04
1603,00	4986,84
1604,00	4989,91
1605,00	4980,43
1606,00	4968,51
1607,00	4928,14
1608,00	4911,82
1609,00	4891,81
1610,00	4873,65
1611,00	4856,56
1612,00	4853,36
1613,00	4814,34
1614,00	4801,54
1615,00	4786,07
1616,00	4795,36
1617,00	4755,24
1618,00	4726,81
1619,00	4712,20
1620,00	4710,45
1621,00	4670,33
1622,00	4663,49
1623,00	4655,68
1624,00	4614,72
1625,00	4585,95
1626,00	4596,44
1627,00	4572,31
1628,00	4528,54
1629,00	4567,81
1630,00	4525,45
1631,00	4475,92
1632,00	4492,49
1633,00	4447,46
1634,00	4442,27
1635,00	4428,06
1636,00	4417,90
1637,00	4382,33
1638,00	4369,57
1639,00	4366,04
1640,00	4350,61
1641,00	4337,90
1642,00	4325,94
1643,00	4284,61
1644,00	4263,38
1645,00	4264,01
1646,00	4239,30
1647,00	4216,62
1648,00	4201,96
1649,00	4190,24
1650,00	4187,08
1651,00	4165,31
1652,00	4142,12
1653,00	4121,10
1654,00	4118,55
1655,00	4089,01
1656,00	4080,93
1657,00	4055,63
1658,00	4047,39
1659,00	4031,64
1660,00	4019,82
1661,00	4010,60
1662,00	3982,66
1663,00	3973,08
1664,00	3967,98
1665,00	3946,70
1666,00	3936,34
1667,00	3928,85
1668,00	3885,29
1669,00	3898,02
1670,00	3878,29
1671,00	3870,52
1672,00	3853,90
1673,00	3824,62
1674,00	3818,21
1675,00	3803,60
1676,00	3793,21
1677,00	3777,41
1678,00	3772,01
1679,00	3747,92
1680,00	3739,26
1681,00	3730,39
1682,00	3718,39
1683,00	3688,68
1684,00	3676,12
1685,00	3674,69
1686,00	3657,93
1687,00	3641,52
1688,00	3635,55
1689,00	3615,40
1690,00	3607,16
1691,00	3583,03
1692,00	3565,69
1693,00	3570,32
1694,00	3558,22
1695,00	3554,74
1696,00	3530,00
1697,00	3525,29
1698,00	3490,07
1699,00	3490,56
1700,00	3473,50
1701,00	3476,47
1702,00	3455,89
1703,00	3434,29
1704,00	3438,62
1705,00	3406,53
1706,00	3406,09
1707,00	3381,98
1708,00	3378,07
1709,00	3361,88
1710,00	3365,04
1711,00	3347,01
1712,00	3330,77
1713,00	3333,27
1714,00	3307,95
1715,00	3302,75
1716,00	3292,62
1717,00	3268,28
1718,00	3268,58
1719,00	3262,89
1720,00	3233,57
1721,00	3232,94
1722,00	3225,16
1723,00	3211,89
1724,00	3217,07
1725,00	3192,07
1726,00	3176,06
1727,00	3164,73
1728,00	3155,58
1729,00	3150,41
1730,00	3148,16
1731,00	3124,22
1732,00	3131,73
1733,00	3095,76
1734,00	3074,93
1735,00	3074,50
1736,00	3066,29
1737,00	3059,95
1738,00	3053,86
1739,00	3044,41
1740,00	3029,43
1741,00	3018,68
1742,00	3016,46
1743,00	3000,15
1744,00	2999,33
1745,00	2981,00
1746,00	2974,70
1747,00	2951,60
1748,00	2959,26
1749,00	2943,83
1750,00	2923,66
1751,00	2930,94
1752,00	2915,16
1753,00	2905,92
1754,00	2904,32
1755,00	2896,65
1756,00	2873,94
1757,00	2881,08
1758,00	2864,11
1759,00	2852,06
1760,00	2835,11
1761,00	2837,03
1762,00	2834,25
1763,00	2812,60
1764,00	2803,91
1765,00	2809,49
1766,00	2793,90
1767,00	2782,64
1768,00	2774,94
1769,00	2769,51
1770,00	2764,27
1771,00	2750,06
1772,00	2753,36
1773,00	2724,71
1774,00	2727,59
1775,00	2712,66
1776,00	2702,66
1777,00	2695,38
1778,00	2689,23
1779,00	2692,95
1780,00	2674,02
1781,00	2661,63
1782,00	2655,81
1783,00	2649,11
1784,00	2645,37
1785,00	2634,74
1786,00	2633,80
1787,00	2617,54
1788,00	2622,22
1789,00	2604,01
1790,00	2605,23
1791,00	2580,98
1792,00	2570,17
1793,00	2555,96
1794,00	2557,50
1795,00	2563,14
1796,00	2548,00
1797,00	2525,37
1798,00	2533,61
1799,00	2530,82
1800,00	2524,78
1801,00	2511,79
1802,00	2503,16
1803,00	2500,96
1804,00	2483,40
1805,00	2477,39
1806,00	2467,25
1807,00	2467,65
1808,00	2470,90
1809,00	2452,65
1810,00	2459,55
1811,00	2435,19
1812,00	2418,66
1813,00	2416,84
1814,00	2404,08
1815,00	2399,10
1816,00	2424,42
1817,00	2392,96
1818,00	2415,48
1819,00	2380,21
1820,00	2363,96
1821,00	2363,92
1822,00	2369,30
1823,00	2350,53
1824,00	2349,36
1825,00	2337,05
1826,00	2321,37
1827,00	2319,96
1828,00	2322,65
1829,00	2317,46
1830,00	2300,89
1831,00	2301,45
1832,00	2289,30
1833,00	2279,61
1834,00	2282,30
1835,00	2276,45
1836,00	2265,76
1837,00	2266,62
1838,00	2252,51
1839,00	2249,28
1840,00	2254,40
1841,00	2236,92
1842,00	2231,44
1843,00	2221,24
1844,00	2225,59
1845,00	2207,99
1846,00	2212,60
1847,00	2194,42
1848,00	2196,87
1849,00	2189,57
1850,00	2181,80
1851,00	2157,04
1852,00	2168,16
1853,00	2166,59
1854,00	2154,49
1855,00	2149,81
1856,00	2138,48
1857,00	2131,74
1858,00	2130,64
1859,00	2115,61
1860,00	2121,25
1861,00	2121,16
1862,00	2098,03
1863,00	2096,86
1864,00	2093,12
1865,00	2087,57
1866,00	2080,36
1867,00	2071,19
1868,00	2071,54
1869,00	2068,52
1870,00	2061,87
1871,00	2048,20
1872,00	2044,76
1873,00	2036,08
1874,00	2027,91
1875,00	2035,49
1876,00	2010,36
1877,00	2026,97
1878,00	2018,90
1879,00	2000,20
1880,00	1990,27
1881,00	1997,06
1882,00	1992,97
1883,00	1978,34
1884,00	1980,07
1885,00	1977,66
1886,00	1970,71
1887,00	1965,75
1888,00	1960,34
1889,00	1956,88
1890,00	1937,73
1891,00	1945,10
1892,00	1951,40
1893,00	1924,51
1894,00	1929,91
1895,00	1921,58
1896,00	1917,48
1897,00	1927,41
1898,00	1905,57
1899,00	1898,69
1900,00	1888,06
1901,00	1888,34
1902,00	1890,61
1903,00	1892,72
1904,00	1873,41
1905,00	1893,26
1906,00	1861,50
1907,00	1851,76
1908,00	1874,77
1909,00	1853,94
1910,00	1851,39
1911,00	1841,74
1912,00	1847,01
1913,00	1844,23
1914,00	1830,74
1915,00	1823,77
1916,00	1816,28
1917,00	1807,67
1918,00	1819,13
1919,00	1809,63
1920,00	1800,83
1921,00	1805,09
1922,00	1787,09
1923,00	1785,20
1924,00	1783,58
1925,00	1774,34
1926,00	1774,52
1927,00	1771,15
1928,00	1771,50
1929,00	1760,32
1930,00	1761,07
1931,00	1759,83
1932,00	1754,23
1933,00	1752,57
1934,00	1737,10
1935,00	1729,40
1936,00	1730,33
1937,00	1723,76
1938,00	1719,33
1939,00	1712,17
1940,00	1720,13
1941,00	1710,00
1942,00	1706,91
1943,00	1699,07
1944,00	1695,60
1945,00	1694,15
1946,00	1685,40
1947,00	1686,78
1948,00	1687,78
1949,00	1680,72
1950,00	1675,50
1951,00	1668,01
1952,00	1662,74
1953,00	1663,77
1954,00	1670,39
1955,00	1666,25
1956,00	1663,04
1957,00	1654,52
1958,00	1652,51
1959,00	1643,15
1960,00	1640,32
1961,00	1638,02
1962,00	1635,73
1963,00	1636,92
1964,00	1628,78
1965,00	1627,84
1966,00	1617,97
1967,00	1618,04
1968,00	1616,21
1969,00	1617,71
1970,00	1606,05
1971,00	1599,50
1972,00	1597,84
1973,00	1600,06
1974,00	1596,55
1975,00	1598,89
1976,00	1587,84
1977,00	1583,68
1978,00	1583,37
1979,00	1578,41
1980,00	1598,21
1981,00	1578,01
1982,00	1575,34
1983,00	1566,52
1984,00	1567,36
1985,00	1564,86
1986,00	1556,29
1987,00	1559,29
1988,00	1556,78
1989,00	1544,22
1990,00	1557,30
1991,00	1550,42
1992,00	1550,86
1993,00	1543,26
1994,00	1539,82
1995,00	1531,62
1996,00	1538,81
1997,00	1528,37
1998,00	1524,93
1999,00	1525,82
2000,00	1516,29
2001,00	1523,27
2002,00	1515,71
2003,00	1511,92
2004,00	1515,89
2005,00	1507,07
2006,00	1513,20
2007,00	1501,48
2008,00	1500,38
2009,00	1508,36
2010,00	1498,79
2011,00	1490,64
2012,00	1491,67
2013,00	1485,42
2014,00	1483,43
2015,00	1483,36
2016,00	1474,65
2017,00	1482,87
2018,00	1472,48
2019,00	1468,12
2020,00	1471,75
2021,00	1467,21
2022,00	1473,02
2023,00	1471,14
2024,00	1461,92
2025,00	1471,73
2026,00	1463,93
2027,00	1462,53
2028,00	1457,87
2029,00	1456,68
2030,00	1449,61
2031,00	1444,49
2032,00	1448,91
2033,00	1445,66
2034,00	1451,41
2035,00	1442,33
2036,00	1439,73
2037,00	1434,37
2038,00	1434,84
2039,00	1430,11
2040,00	1437,53
2041,00	1430,54
2042,00	1437,58
2043,00	1431,54
2044,00	1425,55
2045,00	1422,02
2046,00	1422,02
2047,00	1422,02
