0,00	899,12
1,00	899,12
2,00	899,12
3,00	865,41
4,00	875,48
5,00	869,98
6,00	877,00
7,00	882,85
8,00	901,34
9,00	913,04
10,00	933,17
11,00	941,83
12,00	941,25
13,00	977,17
14,00	977,06
15,00	1005,26
16,00	1026,56
17,00	1043,88
18,00	1057,81
19,00	1079,92
20,00	1089,05
21,00	1114,80
22,00	1130,13
23,00	1685,42
24,00	3142,99
25,00	3290,79
26,00	3309,05
27,00	3414,72
28,00	3365,69
29,00	3425,26
30,00	3422,10
31,00	3494,30
32,00	3516,42
33,00	3519,93
34,00	3516,30
35,00	3609,57
36,00	3616,24
37,00	3660,71
38,00	3629,94
39,00	3645,38
40,00	3663,64
41,00	3706,71
42,00	3706,36
43,00	3777,51
44,00	3775,87
45,00	3785,11
46,00	3830,75
47,00	3850,65
48,00	3891,37
49,00	3856,15
50,00	3873,82
51,00	3908,23
52,00	3922,04
53,00	3904,13
54,00	3964,98
55,00	4021,16
56,00	3994,01
57,00	4016,83
58,00	4071,01
59,00	4122,50
60,00	4080,84
61,00	4088,68
62,00	4202,43
63,00	4166,62
64,00	4161,94
65,00	4203,49
66,00	4229,82
67,00	4280,14
68,00	4256,26
69,00	4294,53
70,00	4355,97
71,00	4409,45
72,00	4397,87
73,00	4377,50
74,00	4502,14
75,00	4448,66
76,00	4511,15
77,00	4504,48
78,00	4572,82
79,00	4579,14
80,00	4596,81
81,00	4672,65
82,00	4659,30
83,00	4689,61
84,00	4797,04
85,00	4768,61
86,00	4860,94
87,00	4847,95
88,00	4897,81
89,00	4904,59
90,00	4909,27
91,00	5009,10
92,00	5015,42
93,00	5103,77
94,00	5055,91
95,00	5100,03
96,00	5078,03
97,00	5153,39
98,00	5198,91
99,00	5213,78
100,00	5273,93
101,00	5326,01
102,00	5369,89
103,00	5440,93
104,00	5500,73
105,00	5456,61
106,00	5548,47
107,00	5554,79
108,00	5623,49
109,00	5584,28
110,00	5679,78
111,00	5793,53
112,00	5721,21
113,00	5815,76
114,00	5811,08
115,00	5941,68
116,00	5929,51
117,00	6048,41
118,00	6120,03
119,00	6025,01
120,00	6124,83
121,00	6172,69
122,00	6076,62
123,00	6194,58
124,00	6273,45
125,00	6357,95
126,00	6378,08
127,00	6473,92
128,00	6364,97
129,00	6540,39
130,00	6466,90
131,00	6496,16
132,00	6561,46
133,00	6576,09
134,00	6584,63
135,00	6663,39
136,00	6714,76
137,00	6834,25
138,00	6803,82
139,00	6903,53
140,00	6919,56
141,00	6970,00
142,00	6906,45
143,00	6906,22
144,00	6929,86
145,00	6871,93
146,00	7115,23
147,00	7118,27
148,00	7043,02
149,00	7264,79
150,00	7257,77
151,00	7355,84
152,00	7166,60
153,00	7136,06
154,00	7303,99
155,00	7406,86
156,00	7245,71
157,00	7426,99
158,00	7400,31
159,00	7511,13
160,00	7478,48
161,00	7521,43
162,00	7403,58
163,00	7500,71
164,00	7715,69
165,00	7544,37
166,00	7610,13
167,00	7661,39
168,00	7685,15
169,00	7741,20
170,00	7704,93
171,00	7746,47
172,00	7727,40
173,00	7826,63
174,00	7892,17
175,00	7924,94
176,00	8025,58
177,00	7983,80
178,00	8023,71
179,00	8018,68
180,00	8014,93
181,00	8083,86
182,00	8198,19
183,00	8149,51
184,00	8121,78
185,00	8161,57
186,00	8235,64
187,00	8299,89
188,00	8275,43
189,00	8313,00
190,00	8444,77
191,00	8341,08
192,00	8456,24
193,00	8582,98
194,00	8559,46
195,00	8559,22
196,00	8699,65
197,00	8705,15
198,00	8773,97
199,00	8754,42
200,00	8836,93
201,00	8981,22
202,00	8924,81
203,00	8795,15
204,00	8991,52
205,00	9053,43
206,00	9038,91
207,00	9181,57
208,00	9166,36
209,00	9251,90
210,00	9352,08
211,00	9311,94
212,00	9414,69
213,00	9430,37
214,00	9437,39
215,00	9585,78
216,00	9599,82
217,00	9693,09
218,00	9675,31
219,00	9766,47
220,00	9858,69
221,00	9870,27
222,00	9905,97
223,00	9983,09
224,00	10141,89
225,00	10116,38
226,00	10207,19
227,00	10121,41
228,00	10366,82
229,00	10287,47
230,00	10292,74
231,00	10321,41
232,00	10548,21
233,00	10629,43
234,00	10558,39
235,00	10689,46
236,00	10819,24
237,00	10903,74
238,00	10832,23
239,00	10874,83
240,00	11149,38
241,00	10962,72
242,00	11239,84
243,00	11178,05
244,00	11299,76
245,00	11242,06
246,00	11382,61
247,00	11454,70
248,00	11373,83
249,00	11628,37
250,00	11459,61
251,00	11674,12
252,00	11572,43
253,00	11646,04
254,00	12026,84
255,00	11762,36
256,00	12158,73
257,00	11913,09
258,00	12105,84
259,00	12050,01
260,00	12326,08
261,00	12085,59
262,00	12171,49
263,00	12486,99
264,00	12407,41
265,00	12356,16
266,00	12510,87
267,00	12450,13
268,00	12706,77
269,00	12652,94
270,00	12491,56
271,00	12795,59
272,00	12928,89
273,00	12957,67
274,00	12999,10
275,00	12835,26
276,00	12987,05
277,00	12944,68
278,00	12708,87
279,00	13147,26
280,00	13338,01
281,00	13141,41
282,00	13256,56
283,00	13420,16
284,00	13290,15
285,00	13667,91
286,00	13390,67
287,00	13590,20
288,00	13736,72
289,00	13485,11
290,00	13523,62
291,00	13578,38
292,00	13567,97
293,00	13220,40
294,00	13295,18
295,00	13412,67
296,00	13688,16
297,00	13498,57
298,00	13868,26
299,00	13766,45
300,00	13980,60
301,00	13902,43
302,00	13880,20
303,00	14157,32
304,00	13833,97
305,00	14050,59
306,00	14243,45
307,00	14221,56
308,00	14285,69
309,00	14125,95
310,00	14006,70
311,00	14089,32
312,00	14409,74
313,00	14229,40
314,00	14345,14
315,00	14505,00
316,00	14503,25
317,00	14475,28
318,00	14548,54
319,00	14513,08
320,00	14598,16
321,00	14821,09
322,00	14483,35
323,00	14819,92
324,00	14682,65
325,00	14662,87
326,00	14718,34
327,00	14838,76
328,00	14971,94
329,00	15124,89
330,00	15074,81
331,00	14948,88
332,00	14903,95
333,00	15066,73
334,00	15194,76
335,00	15351,46
336,00	15262,52
337,00	15360,94
338,00	15503,24
339,00	15445,55
340,00	15436,18
341,00	15672,93
342,00	15650,46
343,00	15653,03
344,00	15657,83
345,00	16011,72
346,00	15655,26
347,00	16025,30
348,00	15899,73
349,00	16110,96
350,00	16140,57
351,00	16446,24
352,00	16361,63
353,00	16426,23
354,00	16438,75
355,00	16571,46
356,00	16746,77
357,00	16697,03
358,00	16928,16
359,00	16820,85
360,00	17012,53
361,00	17205,40
362,00	17312,59
363,00	17074,79
364,00	17514,81
365,00	17608,08
366,00	17658,29
367,00	17551,33
368,00	17975,43
369,00	17948,98
370,00	17956,00
371,00	18312,70
372,00	18235,35
373,00	18539,03
374,00	18574,96
375,00	18651,50
376,00	18829,84
377,00	18803,63
378,00	19090,46
379,00	19187,48
380,00	19124,17
381,00	19561,26
382,00	19503,68
383,00	19591,10
384,00	19426,56
385,00	19810,65
386,00	19889,29
387,00	19905,91
388,00	19987,59
389,00	20034,63
390,00	19978,46
391,00	20165,70
392,00	20210,88
393,00	20397,53
394,00	20083,55
395,00	20453,94
396,00	20496,42
397,00	20432,88
398,00	20285,54
399,00	20594,96
400,00	20636,74
401,00	20705,43
402,00	20974,83
403,00	21091,62
404,00	21184,31
405,00	21306,83
406,00	21269,85
407,00	21275,82
408,00	21560,78
409,00	21375,06
410,00	21775,29
411,00	21796,36
412,00	21954,22
413,00	21953,76
414,00	22103,08
415,00	22293,13
416,00	22456,15
417,00	22557,97
418,00	22666,57
419,00	22766,98
420,00	22909,40
421,00	22967,91
422,00	23338,42
423,00	23317,47
424,00	23307,64
425,00	23634,61
426,00	23862,35
427,00	23843,15
428,00	24053,92
429,00	24199,50
430,00	24376,56
431,00	24499,09
432,00	24388,62
433,00	24737,12
434,00	24763,80
435,00	24901,54
436,00	24970,47
437,00	25340,51
438,00	25336,30
439,00	25509,73
440,00	25617,98
441,00	26009,44
442,00	25861,87
443,00	26240,92
444,00	26123,77
445,00	26395,39
446,00	26557,24
447,00	26593,17
448,00	26861,04
449,00	27028,27
450,00	27032,95
451,00	27065,84
452,00	27327,28
453,00	27657,53
454,00	27560,39
455,00	27753,60
456,00	28012,35
457,00	28183,44
458,00	28321,30
459,00	28196,32
460,00	28612,11
461,00	28702,34
462,00	29001,46
463,00	29041,95
464,00	29189,41
465,00	29394,44
466,00	29284,78
467,00	29535,81
468,00	29782,38
469,00	29914,74
470,00	30112,51
471,00	30241,83
472,00	30213,86
473,00	30569,27
474,00	30504,79
475,00	30903,03
476,00	30994,78
477,00	31058,56
478,00	31141,06
479,00	31469,32
480,00	31492,84
481,00	31837,14
482,00	31627,89
483,00	31975,11
484,00	32045,68
485,00	32316,13
486,00	32421,57
487,00	32572,18
488,00	32709,45
489,00	32896,58
490,00	32780,49
491,00	33006,23
492,00	33140,82
493,00	33477,03
494,00	33590,43
495,00	33506,29
496,00	33635,72
497,00	34050,82
498,00	34257,95
499,00	34190,90
500,00	34474,57
501,00	34435,25
502,00	35023,31
503,00	34947,59
504,00	35041,56
505,00	35033,26
506,00	35279,83
507,00	35559,88
508,00	35575,21
509,00	35866,37
510,00	35710,96
511,00	36081,46
512,00	36292,93
513,00	36224,12
514,00	36523,12
515,00	36730,38
516,00	36908,26
517,00	36727,57
518,00	37262,85
519,00	37226,10
520,00	37386,20
521,00	37357,76
522,00	37915,51
523,00	38081,57
524,00	37880,63
525,00	38157,75
526,00	38629,72
527,00	38519,48
528,00	38418,02
529,00	39082,03
530,00	39073,96
531,00	39495,96
532,00	39714,91
533,00	39875,59
534,00	39727,08
535,00	39620,00
536,00	40047,97
537,00	40250,54
538,00	40336,21
539,00	40575,76
540,00	40680,15
541,00	41126,26
542,00	41072,54
543,00	41453,81
544,00	41461,07
545,00	41362,06
546,00	41808,76
547,00	42046,55
548,00	42069,02
549,00	42764,40
550,00	42572,82
551,00	42563,93
552,00	42835,31
553,00	42503,31
554,00	43192,25
555,00	43748,24
556,00	43608,04
557,00	43888,09
558,00	43754,09
559,00	44151,87
560,00	44418,34
561,00	44616,58
562,00	44757,13
563,00	44791,77
564,00	44934,19
565,00	44962,28
566,00	45207,33
567,00	45354,78
568,00	45804,05
569,00	45865,37
570,00	45732,90
571,00	45944,83
572,00	46400,77
573,00	46554,43
574,00	46756,06
575,00	46824,06
576,00	47143,42
577,00	46811,30
578,00	47366,36
579,00	47290,64
580,00	47703,63
581,00	48063,25
582,00	47679,17
583,00	48244,53
584,00	48183,91
585,00	48529,25
586,00	48678,23
587,00	48719,54
588,00	48821,82
589,00	48997,59
590,00	49595,60
591,00	49386,94
592,00	49436,80
593,00	49587,99
594,00	49710,05
595,00	49940,71
596,00	50141,65
597,00	50597,12
598,00	50752,64
599,00	50619,70
600,00	50808,35
601,00	50865,58
602,00	50929,71
603,00	51271,19
604,00	51358,38
605,00	51610,80
606,00	51836,20
607,00	51737,78
608,00	52203,43
609,00	52224,84
610,00	52186,92
611,00	52532,27
612,00	52895,76
613,00	52531,10
614,00	53017,11
615,00	53391,83
616,00	53193,82
617,00	53470,47
618,00	53330,63
619,00	53796,39
620,00	53616,41
621,00	53667,66
622,00	54472,93
623,00	54274,21
624,00	54485,56
625,00	54494,93
626,00	54496,10
627,00	54964,44
628,00	54725,82
629,00	55117,98
630,00	54882,99
631,00	55330,03
632,00	55299,25
633,00	55494,57
634,00	55674,09
635,00	55602,12
636,00	55797,44
637,00	55932,13
638,00	56155,65
639,00	56261,33
640,00	56421,89
641,00	56452,79
642,00	56471,51
643,00	56590,76
644,00	56790,52
645,00	56677,94
646,00	57009,83
647,00	56979,05
648,00	57188,77
649,00	57192,39
650,00	57300,64
651,00	57427,85
652,00	57581,39
653,00	57691,86
654,00	57542,54
655,00	57787,12
656,00	57920,07
657,00	57855,00
658,00	57868,58
659,00	58015,79
660,00	58248,33
661,00	58088,47
662,00	58379,28
663,00	58204,21
664,00	58569,68
665,00	58445,40
666,00	58641,30
667,00	58612,75
668,00	58765,35
669,00	58795,90
670,00	58824,10
671,00	59027,14
672,00	58966,29
673,00	58949,67
674,00	59279,80
675,00	59198,70
676,00	59319,47
677,00	59330,01
678,00	59112,22
679,00	59311,98
680,00	59370,03
681,00	59342,53
682,00	59460,72
683,00	59541,94
684,00	59779,74
685,00	59677,22
686,00	59752,36
687,00	59736,32
688,00	59643,99
689,00	59714,20
690,00	59851,01
691,00	59542,53
692,00	59787,46
693,00	59781,85
694,00	59904,84
695,00	59969,44
696,00	59948,38
697,00	60061,42
698,00	60038,37
699,00	60000,45
700,00	59971,55
701,00	60208,88
702,00	60163,94
703,00	60356,92
704,00	60333,39
705,00	60154,23
706,00	60334,10
707,00	60316,42
708,00	60280,50
709,00	60330,00
710,00	60335,50
711,00	60481,78
712,00	60464,70
713,00	60419,99
714,00	60518,06
715,00	60542,29
716,00	60412,85
717,00	60407,12
718,00	60415,08
719,00	60547,90
720,00	60524,97
721,00	60576,69
722,00	60797,87
723,00	60681,90
724,00	60775,87
725,00	60575,76
726,00	60619,41
727,00	60811,33
728,00	60648,66
729,00	60894,89
730,00	60577,98
731,00	60825,14
732,00	60847,02
733,00	60811,45
734,00	60478,62
735,00	60985,70
736,00	60793,31
737,00	60721,22
738,00	60815,43
739,00	60639,42
740,00	60902,96
741,00	61026,66
742,00	60863,29
743,00	60820,58
744,00	61021,86
745,00	60825,02
746,00	60928,94
747,00	60999,16
748,00	61026,07
749,00	61014,49
750,00	61001,03
751,00	60899,33
752,00	61059,90
753,00	61002,20
754,00	61251,35
755,00	61099,57
756,00	60849,36
757,00	61229,00
758,00	61261,88
759,00	61427,71
760,00	61102,84
761,00	61235,32
762,00	61262,94
763,00	61050,42
764,00	61315,83
765,00	61342,75
766,00	61145,21
767,00	61188,86
768,00	61219,99
769,00	61165,69
770,00	61313,02
771,00	60985,23
772,00	61213,20
773,00	61784,29
774,00	61443,51
775,00	61189,33
776,00	61221,16
777,00	61526,60
778,00	61419,17
779,00	61470,31
780,00	61340,29
781,00	61585,70
782,00	61457,20
783,00	61365,45
784,00	61643,74
785,00	61340,88
786,00	61575,52
787,00	61589,91
788,00	61740,29
789,00	62090,78
790,00	61829,46
791,00	61769,43
792,00	61665,86
793,00	61743,68
794,00	61713,72
795,00	61907,29
796,00	61950,82
797,00	62162,99
798,00	62030,40
799,00	62065,97
800,00	61900,97
801,00	62100,85
802,00	61968,96
803,00	62210,74
804,00	62089,38
805,00	62090,20
806,00	62036,72
807,00	62334,08
808,00	62357,25
809,00	62371,18
810,00	62317,58
811,00	62280,60
812,00	62411,79
813,00	62251,23
814,00	62208,51
815,00	62334,32
816,00	62264,22
817,00	62279,67
818,00	62398,80
819,00	62383,12
820,00	62361,82
821,00	62383,94
822,00	62025,72
823,00	62673,70
824,00	62590,72
825,00	62608,51
826,00	62660,24
827,00	62599,27
828,00	62609,45
829,00	62781,83
830,00	62764,51
831,00	62593,41
832,00	62666,44
833,00	62808,39
834,00	62713,37
835,00	62660,47
836,00	62925,77
837,00	62824,43
838,00	63038,12
839,00	62981,12
840,00	63088,20
841,00	63011,55
842,00	63053,56
843,00	63227,00
844,00	63010,73
845,00	63171,41
846,00	63189,78
847,00	63398,79
848,00	63295,69
849,00	63421,85
850,00	63237,88
851,00	63419,74
852,00	63424,19
853,00	63417,75
854,00	63399,96
855,00	63380,54
856,00	63472,75
857,00	63588,38
858,00	63502,95
859,00	63717,11
860,00	63704,12
861,00	63656,49
862,00	63616,70
863,00	63655,20
864,00	63630,62
865,00	63627,93
866,00	63814,94
867,00	63855,78
868,00	63732,67
869,00	63863,62
870,00	63841,51
871,00	63982,99
872,00	63792,12
873,00	63945,07
874,00	63816,23
875,00	64020,91
876,00	63833,20
877,00	63919,91
878,00	63969,77
879,00	63994,11
880,00	64101,54
881,00	64090,42
882,00	64240,10
883,00	64089,37
884,00	64150,46
885,00	64076,14
886,00	64162,39
887,00	64289,84
888,00	64169,88
889,00	64199,84
890,00	64270,99
891,00	64378,07
892,00	64311,84
893,00	64132,79
894,00	64371,29
895,00	64315,11
896,00	64241,97
897,00	64336,88
898,00	64468,77
899,00	64441,15
900,00	64423,60
901,00	64469,59
902,00	64462,22
903,00	64363,09
904,00	64531,26
905,00	64553,26
906,00	64356,19
907,00	64528,92
908,00	64318,62
909,00	64504,46
910,00	64543,55
911,00	64541,56
912,00	64584,74
913,00	64617,39
914,00	64473,22
915,00	64604,87
916,00	64546,59
917,00	64567,31
918,00	64513,94
919,00	64514,53
920,00	64571,99
921,00	64599,37
922,00	64597,85
923,00	64622,07
924,00	64687,14
925,00	64538,40
926,00	64755,02
927,00	64603,47
928,00	64474,85
929,00	64532,43
930,00	64645,25
931,00	64423,60
932,00	64639,16
933,00	64732,43
934,00	64662,92
935,00	64618,10
936,00	64726,93
937,00	64687,37
938,00	64476,96
939,00	64579,83
940,00	64689,83
941,00	64583,10
942,00	64623,48
943,00	64512,77
944,00	64745,07
945,00	64500,48
946,00	64733,60
947,00	64592,00
948,00	64591,41
949,00	64565,67
950,00	64642,79
951,00	64519,09
952,00	64442,55
953,00	64484,80
954,00	64559,82
955,00	64447,82
956,00	64584,16
957,00	64462,10
958,00	64425,35
959,00	64552,44
960,00	64398,32
961,00	64389,54
962,00	64424,42
963,00	64328,22
964,00	64360,40
965,00	64351,16
966,00	64252,85
967,00	64394,57
968,00	64332,20
969,00	64405,22
970,00	64479,77
971,00	64315,81
972,00	64372,81
973,00	64399,26
974,00	64231,79
975,00	64261,75
976,00	64260,34
977,00	64284,10
978,00	64324,24
979,00	64264,44
980,00	64089,49
981,00	64252,50
982,00	64247,82
983,00	64142,50
984,00	64278,48
985,00	64109,38
986,00	64121,78
987,00	64094,75
988,00	64238,46
989,00	64247,94
990,00	63955,72
991,00	64160,75
992,00	64100,72
993,00	64170,35
994,00	63863,16
995,00	63871,93
996,00	63386,86
997,00	63009,80
998,00	63305,87
999,00	63542,97
1000,00	63578,90
1001,00	64003,35
1002,00	64041,97
1003,00	63988,02
1004,00	63949,40
1005,00	64075,44
1006,00	63807,92
1007,00	63985,68
1008,00	63700,37
1009,00	63898,97
1010,00	63910,55
1011,00	63850,05
1012,00	63811,78
1013,00	63900,84
1014,00	63798,56
1015,00	63921,55
1016,00	63635,66
1017,00	63694,29
1018,00	63707,04
1019,00	63766,02
1020,00	63629,22
1021,00	63714,06
1022,00	63859,76
1023,00	63716,17
1024,00	63777,14
1025,00	63602,89
1026,00	63667,14
1027,00	63658,59
1028,00	63445,95
1029,00	63588,26
1030,00	63327,99
1031,00	63502,48
1032,00	63669,71
1033,00	63564,62
1034,00	63550,81
1035,00	63479,19
1036,00	63335,60
1037,00	63600,78
1038,00	63479,78
1039,00	63431,09
1040,00	63410,50
1041,00	63566,38
1042,00	63413,07
1043,00	63397,97
1044,00	63354,21
1045,00	63424,19
1046,00	63565,67
1047,00	63139,46
1048,00	63433,20
1049,00	63583,34
1050,00	63416,58
1051,00	63203,48
1052,00	63331,50
1053,00	63371,41
1054,00	63453,91
1055,00	63378,78
1056,00	63261,75
1057,00	63158,42
1058,00	63249,93
1059,00	63351,28
1060,00	63311,26
1061,00	62951,17
1062,00	63144,38
1063,00	63400,90
1064,00	63547,77
1065,00	63307,98
1066,00	63214,83
1067,00	63000,32
1068,00	62175,75
1069,00	61531,16
1070,00	60927,89
1071,00	61636,02
1072,00	62422,67
1073,00	62520,27
1074,00	63207,69
1075,00	63216,70
1076,00	63272,29
1077,00	63205,35
1078,00	63206,52
1079,00	62944,85
1080,00	63158,54
1081,00	63241,98
1082,00	63065,38
1083,00	63049,23
1084,00	63097,80
1085,00	63009,44
1086,00	63190,84
1087,00	63087,74
1088,00	62876,74
1089,00	63252,98
1090,00	62986,27
1091,00	63130,45
1092,00	63327,06
1093,00	62933,73
1094,00	62964,51
1095,00	63030,98
1096,00	63107,75
1097,00	63051,11
1098,00	62955,14
1099,00	63101,66
1100,00	62970,24
1101,00	62846,31
1102,00	63041,28
1103,00	63027,47
1104,00	62926,00
1105,00	62861,41
1106,00	62909,27
1107,00	62939,93
1108,00	63000,20
1109,00	62973,52
1110,00	62932,68
1111,00	63064,56
1112,00	62934,55
1113,00	62991,54
1114,00	62894,76
1115,00	62713,13
1116,00	62910,91
1117,00	62793,65
1118,00	62874,51
1119,00	62760,53
1120,00	62935,02
1121,00	62856,61
1122,00	63017,05
1123,00	62838,23
1124,00	63166,26
1125,00	62871,82
1126,00	63019,39
1127,00	62838,23
1128,00	62837,88
1129,00	62799,03
1130,00	62883,52
1131,00	62842,45
1132,00	62810,38
1133,00	62809,91
1134,00	62774,57
1135,00	62891,95
1136,00	62836,25
1137,00	62979,72
1138,00	62690,31
1139,00	62711,26
1140,00	62860,70
1141,00	62835,66
1142,00	62740,99
1143,00	62615,53
1144,00	62643,62
1145,00	62766,03
1146,00	62750,23
1147,00	62627,59
1148,00	62767,90
1149,00	62816,00
1150,00	62693,59
1151,00	62755,50
1152,00	62655,56
1153,00	62753,62
1154,00	62788,15
1155,00	62717,93
1156,00	62609,56
1157,00	62634,84
1158,00	62493,24
1159,00	62593,65
1160,00	62807,46
1161,00	62614,83
1162,00	62683,88
1163,00	62655,91
1164,00	62517,58
1165,00	62605,23
1166,00	62513,60
1167,00	62579,02
1168,00	62447,13
1169,00	62686,80
1170,00	62438,94
1171,00	62538,65
1172,00	62419,16
1173,00	62589,44
1174,00	62511,38
1175,00	62463,87
1176,00	62509,27
1177,00	62362,29
1178,00	62338,06
1179,00	62427,94
1180,00	62434,84
1181,00	62342,16
1182,00	62348,59
1183,00	62341,57
1184,00	62277,09
1185,00	62303,31
1186,00	62340,87
1187,00	62254,97
1188,00	62379,37
1189,00	62196,81
1190,00	62454,86
1191,00	62296,05
1192,00	62234,26
1193,00	62119,46
1194,00	62407,81
1195,00	62110,80
1196,00	62321,68
1197,00	62090,43
1198,00	62246,78
1199,00	62232,50
1200,00	62237,19
1201,00	62051,58
1202,00	62116,18
1203,00	61862,70
1204,00	62134,20
1205,00	62069,49
1206,00	61932,92
1207,00	61981,01
1208,00	61939,47
1209,00	61926,60
1210,00	62034,14
1211,00	61859,07
1212,00	61919,34
1213,00	61942,28
1214,00	62009,45
1215,00	61889,38
1216,00	61741,11
1217,00	61817,64
1218,00	61900,15
1219,00	61710,56
1220,00	61756,21
1221,00	61552,11
1222,00	61718,99
1223,00	61674,40
1224,00	61697,69
1225,00	61704,13
1226,00	61607,58
1227,00	61561,12
1228,00	61584,64
1229,00	61622,79
1230,00	61453,57
1231,00	61461,06
1232,00	61327,77
1233,00	61508,23
1234,00	61435,79
1235,00	61445,15
1236,00	61299,22
1237,00	61288,33
1238,00	61302,73
1239,00	61215,66
1240,00	61155,39
1241,00	61295,59
1242,00	61142,05
1243,00	61121,33
1244,00	61100,74
1245,00	60923,56
1246,00	60981,02
1247,00	61054,51
1248,00	60936,32
1249,00	60759,37
1250,00	60918,64
1251,00	60883,54
1252,00	60776,11
1253,00	60861,65
1254,00	60746,03
1255,00	60778,10
1256,00	60687,17
1257,00	60724,85
1258,00	60466,22
1259,00	60388,63
1260,00	60600,68
1261,00	60424,09
1262,00	60530,82
1263,00	60330,12
1264,00	60302,62
1265,00	60512,68
1266,00	60385,82
1267,00	60151,07
1268,00	60287,17
1269,00	60300,51
1270,00	60281,67
1271,00	60091,97
1272,00	60183,95
1273,00	60121,46
1274,00	60090,91
1275,00	59888,81
1276,00	59965,11
1277,00	59725,32
1278,00	60046,68
1279,00	59587,46
1280,00	59876,40
1281,00	59715,73
1282,00	59632,99
1283,00	59633,34
1284,00	59599,75
1285,00	59437,55
1286,00	59585,59
1287,00	59344,05
1288,00	59417,78
1289,00	59576,58
1290,00	59259,44
1291,00	59274,54
1292,00	59356,34
1293,00	59245,28
1294,00	59126,85
1295,00	59010,41
1296,00	59163,36
1297,00	58855,11
1298,00	59006,78
1299,00	58791,68
1300,00	58935,27
1301,00	58881,09
1302,00	58709,18
1303,00	58784,43
1304,00	58827,49
1305,00	58603,74
1306,00	58442,12
1307,00	58626,91
1308,00	58433,81
1309,00	58377,17
1310,00	58405,73
1311,00	58449,61
1312,00	58447,51
1313,00	58266,70
1314,00	58234,40
1315,00	58243,53
1316,00	58189,93
1317,00	58105,09
1318,00	57882,50
1319,00	58122,64
1320,00	58040,96
1321,00	57938,21
1322,00	57788,53
1323,00	57901,46
1324,00	57809,83
1325,00	57720,19
1326,00	57771,44
1327,00	57711,53
1328,00	57647,39
1329,00	57503,80
1330,00	57662,26
1331,00	57205,15
1332,00	57442,95
1333,00	57554,24
1334,00	57374,61
1335,00	57154,71
1336,00	57356,00
1337,00	57203,51
1338,00	57260,04
1339,00	57289,64
1340,00	57281,33
1341,00	57009,36
1342,00	56962,20
1343,00	57017,91
1344,00	56658,64
1345,00	56826,69
1346,00	56753,08
1347,00	56998,83
1348,00	56795,32
1349,00	56341,84
1350,00	56682,27
1351,00	56466,71
1352,00	56092,81
1353,00	56819,20
1354,00	56525,22
1355,00	56356,00
1356,00	56426,57
1357,00	55961,51
1358,00	55835,47
1359,00	55604,22
1360,00	55898,43
1361,00	55815,11
1362,00	55945,94
1363,00	55871,05
1364,00	55802,70
1365,00	56099,01
1366,00	55301,48
1367,00	55815,93
1368,00	55717,51
1369,00	55581,05
1370,00	55834,18
1371,00	55725,35
1372,00	55762,21
1373,00	55723,24
1374,00	55625,17
1375,00	55276,31
1376,00	55367,01
1377,00	55677,83
1378,00	55135,53
1379,00	55330,85
1380,00	55249,98
1381,00	55128,04
1382,00	55196,50
1383,00	55304,99
1384,00	55486,38
1385,00	55377,31
1386,00	54821,31
1387,00	55033,13
1388,00	55108,97
1389,00	54997,56
1390,00	54531,32
1391,00	54507,68
1392,00	54766,20
1393,00	54856,19
1394,00	54810,08
1395,00	54768,30
1396,00	54723,83
1397,00	54643,55
1398,00	55013,71
1399,00	54527,46
1400,00	54535,18
1401,00	55232,55
1402,00	54539,87
1403,00	54479,48
1404,00	54293,29
1405,00	54639,46
1406,00	54287,79
1407,00	54227,52
1408,00	54320,91
1409,00	54229,63
1410,00	54127,35
1411,00	54177,43
1412,00	54233,61
1413,00	54198,97
1414,00	54255,96
1415,00	53877,96
1416,00	53693,88
1417,00	53984,69
1418,00	53837,24
1419,00	53812,78
1420,00	53397,45
1421,00	53987,03
1422,00	53667,55
1423,00	53668,72
1424,00	53693,06
1425,00	53290,49
1426,00	53662,87
1427,00	53526,18
1428,00	53516,70
1429,00	53746,42
1430,00	53248,59
1431,00	53346,19
1432,00	53290,14
1433,00	53386,10
1434,00	53410,44
1435,00	53220,27
1436,00	53342,10
1437,00	53377,32
1438,00	53254,91
1439,00	53013,13
1440,00	53131,33
1441,00	53015,47
1442,00	53168,31
1443,00	52992,89
1444,00	53110,97
1445,00	52787,74
1446,00	53031,74
1447,00	52965,04
1448,00	52914,48
1449,00	52782,83
1450,00	52626,95
1451,00	52643,80
1452,00	52653,28
1453,00	52543,51
1454,00	52556,61
1455,00	52494,59
1456,00	52565,62
1457,00	52248,36
1458,00	52405,88
1459,00	52340,82
1460,00	52162,00
1461,00	52347,13
1462,00	52335,67
1463,00	51965,63
1464,00	52389,15
1465,00	52174,40
1466,00	52116,59
1467,00	52163,52
1468,00	52180,02
1469,00	52167,26
1470,00	51797,58
1471,00	51934,73
1472,00	52015,36
1473,00	51643,10
1474,00	51881,84
1475,00	51788,10
1476,00	51868,26
1477,00	51883,71
1478,00	51916,71
1479,00	51816,30
1480,00	51777,21
1481,00	51506,53
1482,00	51464,17
1483,00	51669,90
1484,00	51522,91
1485,00	51505,01
1486,00	51468,61
1487,00	51323,03
1488,00	51304,31
1489,00	51576,86
1490,00	51101,38
1491,00	51103,84
1492,00	50994,66
1493,00	51098,81
1494,00	50971,95
1495,00	51354,98
1496,00	50758,26
1497,00	51154,98
1498,00	50745,15
1499,00	51071,78
1500,00	50625,09
1501,00	50972,19
1502,00	50614,67
1503,00	50577,34
1504,00	50507,01
1505,00	50806,24
1506,00	50945,50
1507,00	50319,88
1508,00	50642,52
1509,00	50376,29
1510,00	50421,81
1511,00	50640,53
1512,00	50007,30
1513,00	50559,55
1514,00	50388,69
1515,00	50120,00
1516,00	50062,54
1517,00	50117,42
1518,00	50272,02
1519,00	49848,50
1520,00	50127,14
1521,00	49827,78
1522,00	49937,67
1523,00	49888,40
1524,00	49965,64
1525,00	49818,19
1526,00	49629,66
1527,00	49831,99
1528,00	49649,78
1529,00	49660,90
1530,00	49689,69
1531,00	49531,70
1532,00	49589,40
1533,00	49719,30
1534,00	49343,29
1535,00	49233,17
1536,00	49188,35
1537,00	49326,79
1538,00	49218,19
1539,00	49305,49
1540,00	49229,31
1541,00	49197,83
1542,00	49351,83
1543,00	49032,00
1544,00	49163,19
1545,00	48866,87
1546,00	48887,71
1547,00	48835,75
1548,00	49068,98
1549,00	48731,71
1550,00	48738,85
1551,00	48510,76
1552,00	48647,10
1553,00	48695,78
1554,00	48800,87
1555,00	48498,94
1556,00	48388,47
1557,00	48516,03
1558,00	48339,08
1559,00	48290,28
1560,00	48216,79
1561,00	48305,73
1562,00	48371,85
1563,00	48481,97
1564,00	47965,18
1565,00	48074,25
1566,00	47912,99
1567,00	47956,99
1568,00	47734,76
1569,00	47720,25
1570,00	47862,79
1571,00	47556,76
1572,00	47683,03
1573,00	47576,89
1574,00	47557,35
1575,00	47565,54
1576,00	47472,73
1577,00	47573,96
1578,00	47431,42
1579,00	47225,11
1580,00	47271,92
1581,00	47306,21
1582,00	47397,49
1583,00	47224,05
1584,00	46965,19
1585,00	47198,54
1586,00	47155,59
1587,00	46791,05
1588,00	46574,55
1589,00	46873,09
1590,00	46584,97
1591,00	46660,22
1592,00	46791,87
1593,00	46583,68
1594,00	46795,03
1595,00	46532,89
1596,00	46328,92
1597,00	46265,02
1598,00	46070,29
1599,00	46305,04
1600,00	46137,34
1601,00	46101,53
1602,00	45861,98
1603,00	46002,29
1604,00	46081,64
1605,00	45779,36
1606,00	46000,07
1607,00	45659,64
1608,00	45711,48
1609,00	45610,49
1610,00	45464,91
1611,00	45439,51
1612,00	45549,17
1613,00	45462,80
1614,00	45281,41
1615,00	45409,55
1616,00	45283,16
1617,00	45020,20
1618,00	45100,84
1619,00	45148,00
1620,00	44993,41
1621,00	44744,14
1622,00	44726,35
1623,00	44820,56
1624,00	44577,73
1625,00	44386,39
1626,00	44505,99
1627,00	44459,18
1628,00	44262,69
1629,00	44377,26
1630,00	44412,48
1631,00	44067,37
1632,00	44247,48
1633,00	43936,42
1634,00	44093,00
1635,00	43954,32
1636,00	43750,35
1637,00	43748,47
1638,00	43751,99
1639,00	43805,35
1640,00	43576,91
1641,00	43571,88
1642,00	43404,06
1643,00	43443,74
1644,00	43058,95
1645,00	43427,94
1646,00	43091,49
1647,00	43086,57
1648,00	43019,28
1649,00	43082,94
1650,00	42899,91
1651,00	42875,34
1652,00	42748,13
1653,00	42758,31
1654,00	42718,99
1655,00	42641,05
1656,00	42322,50
1657,00	42325,66
1658,00	42306,70
1659,00	42357,85
1660,00	42290,09
1661,00	42160,19
1662,00	42104,60
1663,00	42085,76
1664,00	42199,04
1665,00	41879,79
1666,00	41821,16
1667,00	41888,45
1668,00	41703,67
1669,00	41736,55
1670,00	41459,55
1671,00	41485,64
1672,00	41555,51
1673,00	41305,54
1674,00	41479,79
1675,00	41062,24
1676,00	41238,48
1677,00	41048,43
1678,00	41131,40
1679,00	40927,54
1680,00	40989,80
1681,00	40814,50
1682,00	40958,20
1683,00	40625,50
1684,00	40570,73
1685,00	40548,03
1686,00	40627,37
1687,00	40601,86
1688,00	40205,96
1689,00	40433,34
1690,00	40365,23
1691,00	40052,07
1692,00	39772,02
1693,00	40103,56
1694,00	40089,16
1695,00	40171,78
1696,00	39855,23
1697,00	39707,07
1698,00	39554,70
1699,00	39784,07
1700,00	39690,80
1701,00	39615,56
1702,00	39488,23
1703,00	39397,77
1704,00	39444,93
1705,00	39118,19
1706,00	39311,64
1707,00	39029,72
1708,00	39108,01
1709,00	38858,86
1710,00	39038,61
1711,00	38817,43
1712,00	38725,80
1713,00	38869,51
1714,00	38597,19
1715,00	38440,72
1716,00	38447,75
1717,00	38194,50
1718,00	38345,93
1719,00	38619,07
1720,00	38332,12
1721,00	38241,43
1722,00	38138,91
1723,00	38153,54
1724,00	38070,57
1725,00	37812,29
1726,00	37948,86
1727,00	37720,89
1728,00	37827,86
1729,00	37876,30
1730,00	37687,89
1731,00	37354,48
1732,00	37485,43
1733,00	37332,48
1734,00	36972,51
1735,00	37218,03
1736,00	37093,04
1737,00	37132,60
1738,00	37173,21
1739,00	36921,60
1740,00	36857,35
1741,00	36789,71
1742,00	36674,21
1743,00	36743,84
1744,00	36653,96
1745,00	36513,06
1746,00	36539,86
1747,00	36298,32
1748,00	36386,79
1749,00	36160,22
1750,00	35736,82
1751,00	36174,97
1752,00	35943,37
1753,00	35996,97
1754,00	36123,36
1755,00	35694,11
1756,00	35813,12
1757,00	35719,85
1758,00	35693,52
1759,00	35727,58
1760,00	35480,30
1761,00	35475,27
1762,00	35487,32
1763,00	35453,97
1764,00	35276,44
1765,00	35314,24
1766,00	35344,31
1767,00	35041,45
1768,00	35152,15
1769,00	34933,78
1770,00	34794,17
1771,00	34903,59
1772,00	34703,83
1773,00	34519,98
1774,00	34681,36
1775,00	34647,89
1776,00	34510,26
1777,00	34443,32
1778,00	34196,87
1779,00	34434,31
1780,00	34246,72
1781,00	34128,40
1782,00	33963,16
1783,00	34085,34
1784,00	33939,41
1785,00	33690,72
1786,00	33932,38
1787,00	33686,04
1788,00	33719,40
1789,00	33472,00
1790,00	33500,67
1791,00	33197,81
1792,00	33086,05
1793,00	33005,18
1794,00	33203,19
1795,00	32985,52
1796,00	33125,02
1797,00	32755,91
1798,00	32693,54
1799,00	32582,71
1800,00	32410,92
1801,00	32594,07
1802,00	32548,89
1803,00	32153,58
1804,00	32160,01
1805,00	32014,08
1806,00	31827,54
1807,00	31894,13
1808,00	32022,51
1809,00	31667,92
1810,00	32030,82
1811,00	31465,34
1812,00	31497,99
1813,00	31440,65
1814,00	31366,57
1815,00	31151,83
1816,00	31398,87
1817,00	31344,22
1818,00	31285,94
1819,00	31017,01
1820,00	30810,11
1821,00	30740,71
1822,00	30710,64
1823,00	30541,07
1824,00	30359,56
1825,00	29921,29
1826,00	30059,85
1827,00	29775,48
1828,00	29872,26
1829,00	29833,99
1830,00	29501,28
1831,00	29489,70
1832,00	29624,63
1833,00	29642,18
1834,00	29322,35
1835,00	29434,23
1836,00	29212,69
1837,00	29291,45
1838,00	28834,70
1839,00	28907,49
1840,00	28851,20
1841,00	28832,59
1842,00	28671,33
1843,00	28317,79
1844,00	28436,69
1845,00	28223,12
1846,00	28236,81
1847,00	28052,02
1848,00	28016,91
1849,00	28104,57
1850,00	27641,96
1851,00	27590,47
1852,00	27549,28
1853,00	27128,80
1854,00	27141,91
1855,00	27146,12
1856,00	27037,75
1857,00	26914,17
1858,00	26715,58
1859,00	26477,19
1860,00	26700,25
1861,00	26277,31
1862,00	26333,60
1863,00	26128,69
1864,00	26307,39
1865,00	26148,82
1866,00	25931,61
1867,00	25932,20
1868,00	25631,32
1869,00	25541,56
1870,00	25537,35
1871,00	25389,43
1872,00	25146,01
1873,00	24941,80
1874,00	24653,10
1875,00	25014,71
1876,00	24690,66
1877,00	24839,17
1878,00	24609,45
1879,00	24228,99
1880,00	24143,91
1881,00	24016,24
1882,00	24006,99
1883,00	23895,47
1884,00	23794,24
1885,00	23510,21
1886,00	23401,38
1887,00	23301,67
1888,00	23190,61
1889,00	23153,16
1890,00	22818,23
1891,00	22953,05
1892,00	22806,53
1893,00	22458,61
1894,00	22578,09
1895,00	22275,35
1896,00	22147,55
1897,00	22242,93
1898,00	21822,10
1899,00	21935,73
1900,00	21830,64
1901,00	21754,81
1902,00	21803,38
1903,00	21349,08
1904,00	21387,46
1905,00	21345,92
1906,00	21059,44
1907,00	20911,17
1908,00	20952,36
1909,00	20686,47
1910,00	20345,69
1911,00	20464,24
1912,00	20314,21
1913,00	20038,26
1914,00	20134,22
1915,00	19969,33
1916,00	19678,76
1917,00	19642,13
1918,00	19773,08
1919,00	19407,61
1920,00	19389,11
1921,00	19091,63
1922,00	18964,07
1923,00	18895,61
1924,00	18810,89
1925,00	18724,52
1926,00	18632,77
1927,00	18324,52
1928,00	18315,04
1929,00	18145,82
1930,00	18196,26
1931,00	17978,12
1932,00	17876,89
1933,00	17867,42
1934,00	17617,68
1935,00	17390,41
1936,00	17413,00
1937,00	17227,28
1938,00	17026,23
1939,00	17099,84
1940,00	16946,77
1941,00	16781,99
1942,00	16682,64
1943,00	16688,49
1944,00	16356,01
1945,00	16364,21
1946,00	16264,50
1947,00	16006,10
1948,00	16066,02
1949,00	15965,50
1950,00	15739,05
1951,00	15583,64
1952,00	15640,98
1953,00	15341,63
1954,00	15387,15
1955,00	15225,07
1956,00	14948,88
1957,00	14879,60
1958,00	14718,34
1959,00	14718,69
1960,00	14538,94
1961,00	14547,13
1962,00	14398,51
1963,00	14283,94
1964,00	14224,14
1965,00	14206,35
1966,00	13881,02
1967,00	13847,90
1968,00	13671,65
1969,00	13602,84
1970,00	13554,86
1971,00	13399,10
1972,00	13325,25
1973,00	13229,06
1974,00	13163,41
1975,00	13128,88
1976,00	12958,49
1977,00	12747,84
1978,00	12487,23
1979,00	12579,09
1980,00	12399,22
1981,00	12297,41
1982,00	12189,98
1983,00	12055,28
1984,00	12083,25
1985,00	11858,56
1986,00	11767,75
1987,00	11738,37
1988,00	11622,28
1989,00	11463,36
1990,00	11365,88
1991,00	11381,67
1992,00	11126,44
1993,00	11129,72
1994,00	10969,51
1995,00	11024,04
1996,00	10862,19
1997,00	10651,66
1998,00	10695,08
1999,00	10484,55
2000,00	10424,51
2001,00	10388,70
2002,00	10314,62
2003,00	10021,82
2004,00	9947,39
2005,00	9917,55
2006,00	9869,10
2007,00	9741,54
2008,00	9685,49
2009,00	9610,36
2010,00	9520,48
2011,00	9435,05
2012,00	9322,82
2013,00	9184,15
2014,00	9155,71
2015,00	9016,33
2016,00	9052,37
2017,00	8921,07
2018,00	8799,13
2019,00	8761,44
2020,00	8683,50
2021,00	8584,97
2022,00	8497,08
2023,00	8467,94
2024,00	8329,26
2025,00	8293,69
2026,00	8137,57
2027,00	8031,08
2028,00	8020,55
2029,00	7832,49
2030,00	7832,37
2031,00	7726,46
2032,00	7641,73
2033,00	7555,60
2034,00	7476,26
2035,00	7370,11
2036,00	7359,46
2037,00	7267,60
2038,00	7225,00
2039,00	7114,29
2040,00	7045,36
2041,00	6982,40
2042,00	6883,87
2043,00	6847,82
2044,00	6776,08
2045,00	6680,59
2046,00	6680,59
2047,00	6680,59
