0,00	901,57
1,00	901,57
2,00	901,57
3,00	869,98
4,00	897,13
5,00	894,32
6,00	884,25
7,00	910,00
8,00	917,72
9,00	919,60
10,00	912,81
11,00	966,17
12,00	948,62
13,00	999,64
14,00	1016,96
15,00	1010,18
16,00	1036,86
17,00	1056,05
18,00	1070,09
19,00	1097,95
20,00	1095,37
21,00	1099,58
22,00	1147,10
23,00	1155,52
24,00	1149,91
25,00	1157,86
26,00	1183,84
27,00	1192,97
28,00	1202,80
29,00	1202,57
30,00	1222,70
31,00	1226,91
32,00	1258,04
33,00	1220,59
34,00	1215,44
35,00	1228,31
36,00	1250,78
37,00	1236,51
38,00	1240,02
39,00	1243,53
40,00	1221,53
41,00	1248,44
42,00	1250,31
43,00	1257,80
44,00	1225,74
45,00	1239,31
46,00	1235,10
47,00	1252,42
48,00	1235,80
49,00	1241,19
50,00	1233,93
51,00	1222,46
52,00	1229,48
53,00	1220,59
54,00	1222,23
55,00	1235,80
56,00	1230,89
57,00	1226,91
58,00	1225,27
59,00	1228,55
60,00	1227,61
61,00	1222,93
62,00	1207,48
63,00	1214,97
64,00	1212,87
65,00	1199,76
66,00	1216,84
67,00	1208,89
68,00	1221,53
69,00	1215,21
70,00	1263,19
71,00	1220,36
72,00	1207,01
73,00	1213,33
74,00	1205,38
75,00	1191,33
76,00	1205,61
77,00	1222,23
78,00	1222,23
79,00	1215,21
80,00	1194,14
81,00	1198,12
82,00	1214,97
83,00	1213,33
84,00	1230,19
85,00	1215,91
86,00	1231,12
87,00	1226,21
88,00	1216,61
89,00	1210,76
90,00	1193,67
91,00	1209,35
92,00	1230,42
93,00	1214,04
94,00	1207,95
95,00	1191,80
96,00	1211,23
97,00	1264,83
98,00	1218,25
99,00	1213,80
100,00	1221,53
101,00	1216,61
102,00	1201,63
103,00	1204,91
104,00	1227,61
105,00	1208,42
106,00	1198,35
107,00	1225,50
108,00	1227,38
109,00	1220,59
110,00	1223,40
111,00	1232,76
112,00	1211,93
113,00	1217,08
114,00	1207,48
115,00	1200,23
116,00	1208,89
117,00	1219,65
118,00	1237,91
119,00	1246,10
120,00	1210,76
121,00	1220,82
122,00	1210,76
123,00	1217,55
124,00	1221,29
125,00	1212,63
126,00	1226,21
127,00	1229,25
128,00	1241,19
129,00	1234,87
130,00	1213,33
131,00	1226,44
132,00	1223,16
133,00	1256,17
134,00	1211,93
135,00	1226,21
136,00	1239,31
137,00	1230,65
138,00	1236,74
139,00	1242,59
140,00	1222,23
141,00	1235,33
142,00	1221,76
143,00	1205,84
144,00	1226,67
145,00	1217,55
146,00	1227,14
147,00	1242,36
148,00	1242,36
149,00	1240,95
150,00	1226,21
151,00	1223,16
152,00	1201,16
153,00	1223,63
154,00	1221,29
155,00	1221,06
156,00	1222,93
157,00	1218,48
158,00	1236,97
159,00	1225,04
160,00	1224,33
161,00	1249,61
162,00	1229,48
163,00	1221,99
164,00	1232,06
165,00	1218,25
166,00	1222,93
167,00	1211,93
168,00	1207,25
169,00	1223,40
170,00	1241,65
171,00	1207,01
172,00	1250,55
173,00	1200,23
174,00	1218,01
175,00	1230,42
176,00	1224,33
177,00	1223,16
178,00	1233,70
179,00	1208,42
180,00	1209,82
181,00	1218,72
182,00	1223,16
183,00	1250,31
184,00	1225,04
185,00	1235,33
186,00	1221,53
187,00	1262,72
188,00	1240,02
189,00	1240,25
190,00	1229,72
191,00	1219,42
192,00	1232,06
193,00	1215,44
194,00	1226,21
195,00	1232,76
196,00	1224,57
197,00	1221,29
198,00	1242,36
199,00	1225,27
200,00	1227,14
201,00	1233,93
202,00	1234,63
203,00	1204,67
204,00	1212,40
205,00	1247,51
206,00	1232,76
207,00	1209,59
208,00	1237,68
209,00	1213,57
210,00	1240,72
211,00	1226,44
212,00	1204,21
213,00	1208,42
214,00	1240,95
215,00	1232,29
216,00	1240,48
217,00	1229,25
218,00	1242,36
219,00	1239,08
220,00	1231,36
221,00	1219,19
222,00	1226,91
223,00	1230,89
224,00	1216,14
225,00	1229,48
226,00	1218,72
227,00	1233,70
228,00	1215,91
229,00	1227,85
230,00	1218,25
231,00	1237,91
232,00	1233,23
233,00	1235,10
234,00	1243,06
235,00	1235,10
236,00	1229,72
237,00	1229,25
238,00	1232,29
239,00	1230,19
240,00	1221,53
241,00	1232,99
242,00	1223,87
243,00	1255,46
244,00	1243,53
245,00	1234,63
246,00	1219,42
247,00	1223,87
248,00	1226,44
249,00	1226,91
250,00	1255,70
251,00	1223,16
252,00	1246,80
253,00	1227,38
254,00	1238,14
255,00	1243,99
256,00	1236,04
257,00	1232,76
258,00	1240,48
259,00	1238,38
260,00	1236,97
261,00	1240,02
262,00	1234,63
263,00	1205,61
264,00	1249,61
265,00	1235,80
266,00	1223,40
267,00	1232,99
268,00	1231,59
269,00	1220,36
270,00	1217,78
271,00	1221,06
272,00	1243,99
273,00	1215,91
274,00	1235,33
275,00	1225,04
276,00	1227,38
277,00	1210,53
278,00	1233,70
279,00	1231,36
280,00	1239,08
281,00	1219,89
282,00	1230,42
283,00	1242,82
284,00	1239,78
285,00	1257,34
286,00	1233,46
287,00	1235,57
288,00	1219,42
289,00	1237,68
290,00	1238,61
291,00	1236,74
292,00	1262,25
293,00	1251,95
294,00	1225,74
295,00	1252,42
296,00	1221,29
297,00	1247,97
298,00	1244,70
299,00	1267,63
300,00	1242,59
301,00	1225,04
302,00	1225,50
303,00	1243,99
304,00	1236,27
305,00	1230,89
306,00	1224,10
307,00	1239,31
308,00	1234,63
309,00	1228,08
310,00	1231,59
311,00	1220,36
312,00	1236,04
313,00	1252,89
314,00	1242,59
315,00	1206,55
316,00	1232,06
317,00	1219,65
318,00	1219,42
319,00	1248,91
320,00	1224,10
321,00	1232,29
322,00	1222,46
323,00	1244,23
324,00	1245,87
325,00	1251,95
326,00	1214,27
327,00	1228,78
328,00	1240,72
329,00	1249,38
330,00	1234,87
331,00	1221,06
332,00	1236,51
333,00	1226,91
334,00	1244,46
335,00	1228,55
336,00	1244,93
337,00	1249,38
338,00	1246,57
339,00	1227,38
340,00	1239,78
341,00	1226,67
342,00	1234,16
343,00	1265,29
344,00	1259,68
345,00	1228,08
346,00	1216,61
347,00	1255,23
348,00	1229,02
349,00	1222,46
350,00	1251,95
351,00	1237,68
352,00	1284,02
353,00	1250,78
354,00	1225,04
355,00	1232,99
356,00	1245,40
357,00	1255,46
358,00	1220,36
359,00	1245,40
360,00	1227,38
361,00	1231,36
362,00	1245,87
363,00	1249,85
364,00	1256,17
365,00	1221,99
366,00	1219,19
367,00	1218,72
368,00	1229,02
369,00	1223,63
370,00	1234,63
371,00	1239,78
372,00	1226,67
373,00	1232,06
374,00	1231,59
375,00	1232,06
376,00	1235,33
377,00	1287,53
378,00	1238,14
379,00	1235,33
380,00	1219,19
381,00	1252,89
382,00	1244,93
383,00	1224,33
384,00	1227,61
385,00	1235,80
386,00	1230,89
387,00	1234,63
388,00	1221,53
389,00	1241,42
390,00	1233,46
391,00	1245,16
392,00	1245,40
393,00	1236,97
394,00	1232,76
395,00	1221,29
396,00	1249,61
397,00	1234,40
398,00	1218,48
399,00	1217,55
400,00	1237,68
401,00	1237,21
402,00	1249,14
403,00	1229,72
404,00	1234,16
405,00	1233,70
406,00	1241,19
407,00	1247,27
408,00	1244,46
409,00	1248,44
410,00	1246,80
411,00	1247,51
412,00	1212,63
413,00	1241,89
414,00	1252,65
415,00	1247,27
416,00	1237,21
417,00	1230,42
418,00	1236,74
419,00	1233,70
420,00	1253,82
421,00	1245,17
422,00	1245,16
423,00	1237,21
424,00	1227,14
425,00	1232,06
426,00	1219,42
427,00	1247,97
428,00	1227,85
429,00	1244,23
430,00	1211,23
431,00	1248,44
432,00	1227,38
433,00	1239,31
434,00	1237,21
435,00	1244,23
436,00	1246,34
437,00	1237,68
438,00	1224,33
439,00	1239,31
440,00	1234,40
441,00	1229,02
442,00	1246,80
443,00	1235,10
444,00	1237,91
445,00	1233,70
446,00	1232,29
447,00	1239,31
448,00	1246,10
449,00	1234,63
450,00	1223,87
451,00	1250,78
452,00	1229,48
453,00	1221,53
454,00	1228,08
455,00	1234,87
456,00	1238,14
457,00	1271,38
458,00	1222,93
459,00	1236,74
460,00	1233,93
461,00	1252,42
462,00	1223,87
463,00	1230,19
464,00	1246,34
465,00	1238,14
466,00	1242,82
467,00	1232,99
468,00	1227,85
469,00	1252,19
470,00	1251,48
471,00	1247,27
472,00	1253,36
473,00	1237,21
474,00	1238,85
475,00	1251,72
476,00	1228,08
477,00	1235,80
478,00	1241,89
479,00	1234,16
480,00	1219,89
481,00	1213,33
482,00	1227,85
483,00	1248,68
484,00	1229,02
485,00	1248,68
486,00	1237,44
487,00	1234,16
488,00	1247,74
489,00	1228,08
490,00	1251,72
491,00	1232,76
492,00	1243,53
493,00	1230,42
494,00	1225,27
495,00	1240,95
496,00	1237,68
497,00	1231,12
498,00	1241,19
499,00	1223,87
500,00	1231,12
501,00	1229,02
502,00	1224,10
503,00	1228,78
504,00	1233,23
505,00	1247,04
506,00	1239,08
507,00	1247,04
508,00	1238,61
509,00	1234,40
510,00	1225,27
511,00	1231,12
512,00	1236,51
513,00	1254,29
514,00	1263,42
515,00	1240,25
516,00	1249,61
517,00	1222,23
518,00	1243,06
519,00	1244,23
520,00	1249,85
521,00	1239,55
522,00	1246,10
523,00	1234,16
524,00	1255,00
525,00	1232,53
526,00	1221,06
527,00	1207,48
528,00	1246,80
529,00	1252,42
530,00	1247,97
531,00	1244,23
532,00	1236,27
533,00	1223,87
534,00	1246,10
535,00	1246,80
536,00	1243,76
537,00	1247,74
538,00	1246,80
539,00	1249,38
540,00	1228,55
541,00	1256,40
542,00	1237,68
543,00	1242,59
544,00	1255,70
545,00	1224,33
546,00	1236,74
547,00	1252,89
548,00	1232,76
549,00	1229,72
550,00	1254,29
551,00	1245,16
552,00	1266,70
553,00	1261,78
554,00	1237,91
555,00	1218,48
556,00	1242,12
557,00	1244,46
558,00	1233,70
559,00	1253,59
560,00	1244,46
561,00	1247,51
562,00	1232,53
563,00	1229,72
564,00	1253,59
565,00	1228,55
566,00	1233,93
567,00	1241,19
568,00	1234,40
569,00	1243,29
570,00	1228,31
571,00	1233,70
572,00	1254,53
573,00	1237,68
574,00	1245,40
575,00	1247,97
576,00	1265,53
577,00	1232,53
578,00	1251,02
579,00	1225,27
580,00	1230,65
581,00	1239,55
582,00	1227,38
583,00	1216,38
584,00	1229,02
585,00	1263,42
586,00	1232,53
587,00	1232,76
588,00	1241,89
589,00	1251,72
590,00	1245,40
591,00	1240,02
592,00	1246,57
593,00	1258,74
594,00	1254,53
595,00	1224,80
596,00	1243,06
597,00	1248,21
598,00	1223,40
599,00	1244,93
600,00	1246,57
601,00	1396,36
602,00	1240,25
603,00	1252,19
604,00	1231,59
605,00	1255,46
606,00	1252,89
607,00	1234,16
608,00	1234,40
609,00	1255,23
610,00	1229,48
611,00	1233,46
612,00	1254,29
613,00	1223,87
614,00	1245,17
615,00	1235,10
616,00	1231,82
617,00	1261,08
618,00	1223,87
619,00	1224,33
620,00	1226,44
621,00	1226,21
622,00	1247,04
623,00	1234,87
624,00	1224,10
625,00	1259,91
626,00	1248,91
627,00	1232,76
628,00	1238,61
629,00	1246,80
630,00	1220,36
631,00	1228,55
632,00	1235,10
633,00	1227,61
634,00	1226,91
635,00	1265,76
636,00	1241,89
637,00	1245,16
638,00	1252,89
639,00	1234,16
640,00	1237,21
641,00	1235,80
642,00	1225,04
643,00	1243,99
644,00	1236,27
645,00	1262,95
646,00	1225,27
647,00	1236,51
648,00	1239,55
649,00	1223,87
650,00	1228,31
651,00	1233,93
652,00	1248,44
653,00	1237,44
654,00	1233,23
655,00	1252,65
656,00	1237,21
657,00	1239,78
658,00	1258,04
659,00	1254,06
660,00	1292,91
661,00	1240,25
662,00	1246,34
663,00	1256,63
664,00	1232,53
665,00	1234,63
666,00	1230,19
667,00	1232,29
668,00	1221,53
669,00	1233,93
670,00	1250,55
671,00	1240,48
672,00	1240,72
673,00	1240,72
674,00	1253,12
675,00	1249,61
676,00	1253,12
677,00	1250,08
678,00	1242,82
679,00	1246,57
680,00	1238,14
681,00	1229,25
682,00	1227,14
683,00	1241,65
684,00	1214,97
685,00	1243,53
686,00	1243,06
687,00	1264,83
688,00	1227,38
689,00	1246,10
690,00	1254,76
691,00	1239,55
692,00	1259,21
693,00	1220,36
694,00	1238,85
695,00	1252,65
696,00	1242,36
697,00	1243,29
698,00	1224,33
699,00	1282,38
700,00	1235,80
701,00	1244,70
702,00	1231,82
703,00	1246,34
704,00	1252,19
705,00	1256,63
706,00	1237,21
707,00	1220,82
708,00	1244,23
709,00	1250,08
710,00	1248,21
711,00	1251,48
712,00	1222,46
713,00	1247,27
714,00	1240,02
715,00	1224,33
716,00	1237,44
717,00	1247,27
718,00	1237,91
719,00	1240,48
720,00	1230,89
721,00	1254,53
722,00	1215,44
723,00	1251,72
724,00	1256,40
725,00	1252,65
726,00	1244,23
727,00	1265,76
728,00	1230,89
729,00	1275,59
730,00	1226,67
731,00	1253,12
732,00	1242,36
733,00	1234,63
734,00	1239,78
735,00	1240,25
736,00	1246,10
737,00	1245,87
738,00	1241,42
739,00	1223,16
740,00	1255,46
741,00	1249,38
742,00	1277,46
743,00	1255,93
744,00	1261,78
745,00	1241,19
746,00	1240,25
747,00	1257,10
748,00	1279,80
749,00	1284,25
750,00	1278,63
751,00	1287,53
752,00	1321,00
753,00	1350,96
754,00	1442,71
755,00	1555,75
756,00	1731,29
757,00	2179,97
758,00	2915,14
759,00	3115,02
760,00	2730,94
761,00	2283,66
762,00	1964,88
763,00	1717,72
764,00	1483,67
765,00	1390,98
766,00	1315,85
767,00	1283,32
768,00	1282,38
769,00	1261,55
770,00	1280,74
771,00	1243,06
772,00	1248,91
773,00	1276,06
774,00	1274,42
775,00	1242,12
776,00	1245,16
777,00	1257,34
778,00	1255,70
779,00	1255,00
780,00	1256,87
781,00	1259,68
782,00	1234,16
783,00	1254,06
784,00	1275,83
785,00	1274,89
786,00	1269,74
787,00	1264,83
788,00	1256,40
789,00	1265,53
790,00	1259,68
791,00	1264,83
792,00	1293,15
793,00	1308,36
794,00	1375,30
795,00	1387,47
796,00	1375,77
797,00	1335,04
798,00	1310,47
799,00	1300,40
800,00	1275,59
801,00	1281,91
802,00	1280,27
803,00	1255,93
804,00	1265,29
805,00	1259,68
806,00	1236,97
807,00	1259,68
808,00	1254,76
809,00	1240,72
810,00	1251,48
811,00	1223,40
812,00	1269,51
813,00	1233,70
814,00	1266,23
815,00	1263,42
816,00	1251,25
817,00	1266,93
818,00	1247,74
819,00	1276,29
820,00	1260,38
821,00	1272,55
822,00	1240,25
823,00	1247,74
824,00	1267,87
825,00	1275,12
826,00	1295,25
827,00	1323,81
828,00	1369,68
829,00	1486,24
830,00	1699,46
831,00	1879,45
832,00	1951,54
833,00	1751,89
834,00	1631,82
835,00	1498,18
836,00	1451,60
837,00	1361,02
838,00	1311,17
839,00	1275,83
840,00	1275,59
841,00	1712,10
842,00	1301,34
843,00	1255,46
844,00	1250,55
845,00	1269,97
846,00	1236,74
847,00	1248,21
848,00	1253,36
849,00	1258,04
850,00	1262,72
851,00	1249,38
852,00	1229,02
853,00	1239,31
854,00	1257,34
855,00	1244,46
856,00	1240,02
857,00	1262,25
858,00	1236,74
859,00	1252,42
860,00	1247,27
861,00	1230,65
862,00	1243,29
863,00	1267,63
864,00	1260,61
865,00	1294,55
866,00	1312,81
867,00	1338,79
868,00	1417,90
869,00	1484,84
870,00	1466,35
871,00	1401,98
872,00	1353,77
873,00	1336,68
874,00	1288,46
875,00	1296,89
876,00	1275,36
877,00	1251,72
878,00	1244,93
879,00	1268,57
880,00	1238,85
881,00	1257,10
882,00	1247,51
883,00	1259,91
884,00	1234,40
885,00	1257,57
886,00	1243,99
887,00	1259,68
888,00	1255,00
889,00	1253,36
890,00	1260,85
891,00	1265,53
892,00	1261,31
893,00	1239,08
894,00	1236,27
895,00	1262,25
896,00	1251,02
897,00	1224,33
898,00	1228,31
899,00	1269,51
900,00	1251,25
901,00	1240,02
902,00	1285,19
903,00	1278,63
904,00	1317,49
905,00	1362,89
906,00	1443,88
907,00	1573,54
908,00	1590,16
909,00	1548,03
910,00	1467,75
911,00	1410,87
912,00	1357,74
913,00	1312,81
914,00	1293,61
915,00	1260,61
916,00	1262,48
917,00	1258,04
918,00	1242,36
919,00	1269,04
920,00	1241,19
921,00	1238,85
922,00	1255,46
923,00	1276,29
924,00	1240,02
925,00	1237,91
926,00	1236,27
927,00	1256,17
928,00	1260,14
929,00	1251,25
930,00	1243,29
931,00	1244,70
932,00	1231,12
933,00	1242,59
934,00	1255,00
935,00	1244,93
936,00	1233,93
937,00	1260,61
938,00	1239,55
939,00	1244,23
940,00	1252,19
941,00	1250,55
942,00	1243,76
943,00	1294,32
944,00	1330,83
945,00	1360,55
946,00	1476,41
947,00	1543,82
948,00	1522,52
949,00	1444,34
950,00	1394,26
951,00	1337,15
952,00	1307,66
953,00	1283,55
954,00	1277,23
955,00	1252,19
956,00	1252,19
957,00	1241,19
958,00	1245,63
959,00	1253,36
960,00	1234,16
961,00	1264,36
962,00	1251,72
963,00	1249,85
964,00	1265,29
965,00	1251,25
966,00	1232,99
967,00	1251,25
968,00	1246,57
969,00	1275,12
970,00	1235,57
971,00	1273,95
972,00	1254,53
973,00	1231,59
974,00	1241,42
975,00	1250,31
976,00	1235,57
977,00	1252,89
978,00	1243,76
979,00	1247,74
980,00	1238,61
981,00	1237,68
982,00	1257,80
983,00	1259,21
984,00	1255,00
985,00	1300,64
986,00	1350,49
987,00	1372,02
988,00	1398,00
989,00	1362,66
990,00	1347,91
991,00	1327,55
992,00	1299,47
993,00	1291,74
994,00	1263,19
995,00	1263,19
996,00	1259,68
997,00	1253,59
998,00	1245,40
999,00	1257,80
1000,00	1216,61
1001,00	1263,19
1002,00	1259,21
1003,00	1251,48
1004,00	1270,91
1005,00	1233,93
1006,00	1244,70
1007,00	1237,68
1008,00	1221,29
1009,00	1233,23
1010,00	1256,40
1011,00	1235,57
1012,00	1252,42
1013,00	1250,08
1014,00	1237,21
1015,00	1254,76
1016,00	1254,53
1017,00	1249,14
1018,00	1263,89
1019,00	1250,78
1020,00	1233,23
1021,00	1237,21
1022,00	1257,57
1023,00	1281,44
1024,00	1265,76
1025,00	1294,32
1026,00	1293,85
1027,00	1388,87
1028,00	1505,20
1029,00	1534,46
1030,00	1504,03
1031,00	1438,96
1032,00	1399,17
1033,00	1342,06
1034,00	1326,38
1035,00	1305,32
1036,00	1272,32
1037,00	1257,34
1038,00	1254,53
1039,00	1243,06
1040,00	1232,29
1041,00	1241,89
1042,00	1259,91
1043,00	1236,04
1044,00	1296,42
1045,00	1248,68
1046,00	1240,72
1047,00	1250,78
1048,00	1254,29
1049,00	1265,06
1050,00	1254,53
1051,00	1238,61
1052,00	1251,72
1053,00	1247,51
1054,00	1236,97
1055,00	1241,42
1056,00	1230,89
1057,00	1240,95
1058,00	1251,95
1059,00	1269,04
1060,00	1252,89
1061,00	1245,40
1062,00	1243,99
1063,00	1242,82
1064,00	1262,48
1065,00	1234,63
1066,00	1274,66
1067,00	1263,42
1068,00	1256,87
1069,00	1259,91
1070,00	1301,34
1071,00	1284,25
1072,00	1279,80
1073,00	1300,64
1074,00	1280,98
1075,00	1274,89
1076,00	1254,76
1077,00	1233,70
1078,00	1248,44
1079,00	1230,89
1080,00	1265,53
1081,00	1253,59
1082,00	1251,72
1083,00	1242,82
1084,00	1238,38
1085,00	1263,19
1086,00	1249,14
1087,00	1238,61
1088,00	1248,21
1089,00	1232,76
1090,00	1226,67
1091,00	1252,65
1092,00	1250,55
1093,00	1280,04
1094,00	1235,57
1095,00	1249,85
1096,00	1245,63
1097,00	1258,51
1098,00	1227,61
1099,00	1242,59
1100,00	1247,51
1101,00	1243,76
1102,00	1238,38
1103,00	1250,78
1104,00	1252,42
1105,00	1257,10
1106,00	1243,29
1107,00	1247,27
1108,00	1245,40
1109,00	1252,19
1110,00	1278,63
1111,00	1317,72
1112,00	1314,68
1113,00	1370,85
1114,00	1469,62
1115,00	1541,01
1116,00	1522,52
1117,00	1482,73
1118,00	1399,17
1119,00	1359,85
1120,00	1322,87
1121,00	1317,72
1122,00	1254,53
1123,00	1279,10
1124,00	1250,78
1125,00	1241,65
1126,00	1255,00
1127,00	1265,76
1128,00	1267,17
1129,00	1243,29
1130,00	1244,93
1131,00	1235,80
1132,00	1241,19
1133,00	1249,85
1134,00	1254,06
1135,00	1259,91
1136,00	1261,08
1137,00	1241,19
1138,00	1256,40
1139,00	1259,68
1140,00	1235,57
1141,00	1252,19
1142,00	1239,08
1143,00	1236,74
1144,00	1261,31
1145,00	1267,87
1146,00	1242,12
1147,00	1237,68
1148,00	1249,14
1149,00	1251,72
1150,00	1239,78
1151,00	1242,59
1152,00	1234,63
1153,00	1243,76
1154,00	1242,82
1155,00	1243,53
1156,00	1245,40
1157,00	1235,80
1158,00	1247,97
1159,00	1246,57
1160,00	1249,61
1161,00	1265,76
1162,00	1253,36
1163,00	1231,82
1164,00	1227,38
1165,00	1254,53
1166,00	1245,16
1167,00	1250,08
1168,00	1231,12
1169,00	1249,38
1170,00	1226,67
1171,00	1271,14
1172,00	1236,74
1173,00	1239,08
1174,00	1227,61
1175,00	1247,27
1176,00	1236,97
1177,00	1235,10
1178,00	1265,76
1179,00	1239,08
1180,00	1238,61
1181,00	1249,14
1182,00	1244,70
1183,00	1256,63
1184,00	1245,40
1185,00	1237,68
1186,00	1247,51
1187,00	1238,14
1188,00	1253,12
1189,00	1255,23
1190,00	1255,00
1191,00	1257,10
1192,00	1267,17
1193,00	1253,82
1194,00	1223,16
1195,00	1255,93
1196,00	1242,82
1197,00	1255,46
1198,00	1255,93
1199,00	1255,00
1200,00	1265,76
1201,00	1270,44
1202,00	1274,66
1203,00	1321,00
1204,00	1408,07
1205,00	1460,26
1206,00	1487,88
1207,00	1479,22
1208,00	1425,85
1209,00	1360,09
1210,00	1326,85
1211,00	1296,19
1212,00	1295,49
1213,00	1248,44
1214,00	1272,55
1215,00	1254,06
1216,00	1234,40
1217,00	1255,00
1218,00	1247,04
1219,00	1252,42
1220,00	1252,65
1221,00	1251,95
1222,00	1259,68
1223,00	1248,68
1224,00	1257,57
1225,00	1247,27
1226,00	1222,46
1227,00	1227,85
1228,00	1235,33
1229,00	1247,74
1230,00	1241,65
1231,00	1250,55
1232,00	1220,59
1233,00	1228,78
1234,00	1243,99
1235,00	1245,40
1236,00	1244,46
1237,00	1240,72
1238,00	1245,40
1239,00	1240,48
1240,00	1228,31
1241,00	1268,80
1242,00	1243,06
1243,00	1261,31
1244,00	1216,84
1245,00	1232,06
1246,00	1264,12
1247,00	1244,70
1248,00	1235,80
1249,00	1241,42
1250,00	1243,99
1251,00	1229,95
1252,00	1240,48
1253,00	1264,36
1254,00	1272,32
1255,00	1265,29
1256,00	1259,21
1257,00	1228,31
1258,00	1226,67
1259,00	1250,78
1260,00	1244,93
1261,00	1249,85
1262,00	1224,80
1263,00	1228,78
1264,00	1225,27
1265,00	1239,55
1266,00	1254,29
1267,00	1255,46
1268,00	1226,67
1269,00	1230,42
1270,00	1251,25
1271,00	1247,74
1272,00	1258,74
1273,00	1249,38
1274,00	1238,61
1275,00	1236,27
1276,00	1276,53
1277,00	1288,23
1278,00	1258,74
1279,00	1259,44
1280,00	1241,89
1281,00	1248,21
1282,00	1254,06
1283,00	1231,82
1284,00	1230,89
1285,00	1255,46
1286,00	1233,46
1287,00	1238,14
1288,00	1238,14
1289,00	1254,29
1290,00	1227,61
1291,00	1224,57
1292,00	1238,14
1293,00	1243,99
1294,00	1244,46
1295,00	1248,21
1296,00	1266,46
1297,00	1262,48
1298,00	1286,12
1299,00	1331,06
1300,00	1378,11
1301,00	1420,00
1302,00	1428,66
1303,00	1384,89
1304,00	1371,55
1305,00	1325,68
1306,00	1296,89
1307,00	1287,06
1308,00	1270,21
1309,00	1254,29
1310,00	1252,89
1311,00	1256,63
1312,00	1228,08
1313,00	1245,17
1314,00	1256,87
1315,00	1245,87
1316,00	1245,63
1317,00	1254,76
1318,00	1234,87
1319,00	1243,99
1320,00	1225,50
1321,00	1247,27
1322,00	1272,78
1323,00	1243,06
1324,00	1240,48
1325,00	1264,36
1326,00	1238,61
1327,00	1228,55
1328,00	1243,76
1329,00	1226,44
1330,00	1249,14
1331,00	1253,36
1332,00	1241,89
1333,00	1252,42
1334,00	1227,38
1335,00	1254,06
1336,00	1253,82
1337,00	1239,31
1338,00	1243,99
1339,00	1236,97
1340,00	1253,59
1341,00	1239,31
1342,00	1228,78
1343,00	1250,31
1344,00	1266,46
1345,00	1235,57
1346,00	1238,85
1347,00	1233,23
1348,00	1240,48
1349,00	1250,31
1350,00	1270,44
1351,00	1269,51
1352,00	1259,91
1353,00	1263,42
1354,00	1299,00
1355,00	1254,53
1356,00	1225,97
1357,00	1252,19
1358,00	1250,31
1359,00	1224,33
1360,00	1241,19
1361,00	1242,12
1362,00	1244,93
1363,00	1248,44
1364,00	1243,99
1365,00	1263,19
1366,00	1230,65
1367,00	1259,44
1368,00	1243,99
1369,00	1243,29
1370,00	1260,85
1371,00	1252,65
1372,00	1241,65
1373,00	1240,48
1374,00	1233,70
1375,00	1244,46
1376,00	1253,12
1377,00	1232,99
1378,00	1255,00
1379,00	1249,85
1380,00	1250,31
1381,00	1232,53
1382,00	1229,25
1383,00	1236,04
1384,00	1229,72
1385,00	1238,14
1386,00	1258,97
1387,00	1251,72
1388,00	1243,99
1389,00	1247,51
1390,00	1234,63
1391,00	1245,87
1392,00	1264,83
1393,00	1238,14
1394,00	1242,12
1395,00	1248,21
1396,00	1255,93
1397,00	1259,21
1398,00	1295,02
1399,00	1398,70
1400,00	1309,76
1401,00	1313,98
1402,00	1389,81
1403,00	1346,28
1404,00	1352,83
1405,00	1327,32
1406,00	1303,44
1407,00	1280,04
1408,00	1252,42
1409,00	1248,91
1410,00	1236,04
1411,00	1422,81
1412,00	1246,57
1413,00	1235,10
1414,00	1237,68
1415,00	1243,99
1416,00	1242,12
1417,00	1226,21
1418,00	1250,78
1419,00	1255,00
1420,00	1251,95
1421,00	1224,57
1422,00	1241,89
1423,00	1225,04
1424,00	1236,51
1425,00	1244,70
1426,00	1246,10
1427,00	1230,42
1428,00	1238,14
1429,00	1252,65
1430,00	1234,40
1431,00	1228,08
1432,00	1213,10
1433,00	1236,27
1434,00	1244,70
1435,00	1271,61
1436,00	1241,42
1437,00	1251,48
1438,00	1234,40
1439,00	1236,97
1440,00	1245,63
1441,00	1244,70
1442,00	1250,55
1443,00	1222,93
1444,00	1242,36
1445,00	1224,80
1446,00	1223,16
1447,00	1227,14
1448,00	1261,78
1449,00	1241,65
1450,00	1271,14
1451,00	1253,12
1452,00	1264,36
1453,00	1266,23
1454,00	1274,19
1455,00	1298,53
1456,00	1271,61
1457,00	1312,81
1458,00	1269,51
1459,00	1253,59
1460,00	1253,36
1461,00	1266,00
1462,00	1258,51
1463,00	1241,42
1464,00	1230,42
1465,00	1242,82
1466,00	1223,63
1467,00	1257,34
1468,00	1250,08
1469,00	1226,21
1470,00	1240,72
1471,00	1227,85
1472,00	1243,99
1473,00	1255,46
1474,00	1247,74
1475,00	1236,04
1476,00	1267,87
1477,00	1245,87
1478,00	1241,19
1479,00	1250,08
1480,00	1222,46
1481,00	1236,97
1482,00	1245,87
1483,00	1234,16
1484,00	1273,95
1485,00	1240,02
1486,00	1237,21
1487,00	1242,59
1488,00	1241,65
1489,00	1245,16
1490,00	1258,04
1491,00	1233,93
1492,00	1253,36
1493,00	1220,59
1494,00	1257,57
1495,00	1217,78
1496,00	1228,55
1497,00	1253,82
1498,00	1237,68
1499,00	1258,51
1500,00	1243,29
1501,00	1246,10
1502,00	1253,59
1503,00	1244,70
1504,00	1254,29
1505,00	1231,82
1506,00	1236,74
1507,00	1251,02
1508,00	1281,91
1509,00	1300,87
1510,00	1300,64
1511,00	1291,04
1512,00	1275,12
1513,00	1270,91
1514,00	1246,34
1515,00	1270,44
1516,00	1280,74
1517,00	1256,40
1518,00	1250,08
1519,00	1255,46
1520,00	1249,61
1521,00	1253,82
1522,00	1255,70
1523,00	1242,36
1524,00	1247,51
1525,00	1233,93
1526,00	1234,63
1527,00	1217,31
1528,00	1247,97
1529,00	1228,31
1530,00	1234,40
1531,00	1264,59
1532,00	1236,04
1533,00	1224,33
1534,00	1221,99
1535,00	1224,10
1536,00	1247,74
1537,00	1261,55
1538,00	1239,08
1539,00	1252,65
1540,00	1254,29
1541,00	1263,19
1542,00	1232,53
1543,00	1232,29
1544,00	1239,78
1545,00	1239,78
1546,00	1224,57
1547,00	1230,42
1548,00	1219,42
1549,00	1236,27
1550,00	1231,36
1551,00	1242,36
1552,00	1229,02
1553,00	1223,63
1554,00	1243,29
1555,00	1234,40
1556,00	1253,12
1557,00	1259,68
1558,00	1243,06
1559,00	1247,04
1560,00	1244,70
1561,00	1247,74
1562,00	1280,51
1563,00	1278,17
1564,00	1274,42
1565,00	1303,68
1566,00	1295,95
1567,00	1300,40
1568,00	1305,32
1569,00	1264,83
1570,00	1251,95
1571,00	1251,02
1572,00	1263,19
1573,00	1251,95
1574,00	1247,74
1575,00	1229,95
1576,00	1246,34
1577,00	1234,40
1578,00	1248,21
1579,00	1238,85
1580,00	1228,55
1581,00	1239,08
1582,00	1235,33
1583,00	1249,61
1584,00	1232,29
1585,00	1231,82
1586,00	1238,14
1587,00	1254,76
1588,00	1246,10
1589,00	1226,67
1590,00	1237,68
1591,00	1249,61
1592,00	1249,85
1593,00	1236,04
1594,00	1237,21
1595,00	1239,55
1596,00	1242,82
1597,00	1229,25
1598,00	1228,08
1599,00	1222,93
1600,00	1226,21
1601,00	1257,34
1602,00	1257,10
1603,00	1244,70
1604,00	1233,23
1605,00	1258,27
1606,00	1243,29
1607,00	1246,80
1608,00	1233,93
1609,00	1255,00
1610,00	1235,57
1611,00	1252,89
1612,00	1240,72
1613,00	1246,34
1614,00	1233,70
1615,00	1242,12
1616,00	1231,82
1617,00	1228,55
1618,00	1242,12
1619,00	1226,67
1620,00	1261,31
1621,00	1244,23
1622,00	1264,59
1623,00	1263,89
1624,00	1244,93
1625,00	1256,63
1626,00	1251,95
1627,00	1229,25
1628,00	1254,53
1629,00	1292,91
1630,00	1247,04
1631,00	1230,19
1632,00	1248,21
1633,00	1244,93
1634,00	1248,44
1635,00	1220,36
1636,00	1233,70
1637,00	1246,57
1638,00	1232,29
1639,00	1228,08
1640,00	1225,04
1641,00	1253,59
1642,00	1261,31
1643,00	1217,31
1644,00	1245,17
1645,00	1238,61
1646,00	1222,23
1647,00	1250,08
1648,00	1236,04
1649,00	1220,59
1650,00	1253,59
1651,00	1230,19
1652,00	1232,76
1653,00	1241,65
1654,00	1242,12
1655,00	1243,76
1656,00	1229,72
1657,00	1253,59
1658,00	1219,19
1659,00	1237,21
1660,00	1232,76
1661,00	1239,55
1662,00	1243,53
1663,00	1250,31
1664,00	1242,59
1665,00	1226,91
1666,00	1250,78
1667,00	1232,99
1668,00	1234,87
1669,00	1214,74
1670,00	1255,46
1671,00	1256,40
1672,00	1241,19
1673,00	1244,93
1674,00	1235,10
1675,00	1242,12
1676,00	1237,44
1677,00	1250,31
1678,00	1255,46
1679,00	1278,17
1680,00	1285,19
1681,00	1281,21
1682,00	1300,64
1683,00	1306,02
1684,00	1293,15
1685,00	1291,74
1686,00	1257,57
1687,00	1259,91
1688,00	1252,19
1689,00	1259,68
1690,00	1230,65
1691,00	1242,82
1692,00	1246,57
1693,00	1257,80
1694,00	1249,85
1695,00	1229,25
1696,00	1235,33
1697,00	1224,57
1698,00	1230,42
1699,00	1255,46
1700,00	1231,12
1701,00	1233,93
1702,00	1233,46
1703,00	1236,74
1704,00	1236,04
1705,00	1261,55
1706,00	1238,38
1707,00	1224,10
1708,00	1241,19
1709,00	1247,74
1710,00	1248,68
1711,00	1234,63
1712,00	1225,97
1713,00	1243,29
1714,00	1247,51
1715,00	1240,95
1716,00	1254,29
1717,00	1225,50
1718,00	1256,63
1719,00	1252,42
1720,00	1225,27
1721,00	1217,08
1722,00	1235,33
1723,00	1243,99
1724,00	1258,97
1725,00	1240,48
1726,00	1239,31
1727,00	1233,93
1728,00	1266,70
1729,00	1233,70
1730,00	1256,63
1731,00	1240,48
1732,00	1259,21
1733,00	1225,27
1734,00	1229,48
1735,00	1238,38
1736,00	1254,53
1737,00	1228,78
1738,00	1246,34
1739,00	1257,34
1740,00	1245,17
1741,00	1255,70
1742,00	1240,25
1743,00	1227,85
1744,00	1241,89
1745,00	1219,42
1746,00	1238,61
1747,00	1241,65
1748,00	1249,85
1749,00	1232,99
1750,00	1232,76
1751,00	1262,48
1752,00	1234,40
1753,00	1229,95
1754,00	1234,87
1755,00	1237,91
1756,00	1245,63
1757,00	1256,63
1758,00	1248,68
1759,00	1228,55
1760,00	1243,29
1761,00	1235,33
1762,00	1243,99
1763,00	1235,57
1764,00	1243,53
1765,00	1228,55
1766,00	1211,46
1767,00	1243,06
1768,00	1236,74
1769,00	1233,46
1770,00	1236,97
1771,00	1251,02
1772,00	1260,38
1773,00	1237,44
1774,00	1237,68
1775,00	1237,68
1776,00	1235,80
1777,00	1227,38
1778,00	1234,40
1779,00	1229,48
1780,00	1243,53
1781,00	1239,55
1782,00	1249,14
1783,00	1248,44
1784,00	1240,95
1785,00	1237,68
1786,00	1254,06
1787,00	1241,65
1788,00	1241,19
1789,00	1242,12
1790,00	1251,02
1791,00	1231,82
1792,00	1241,19
1793,00	1233,46
1794,00	1238,61
1795,00	1238,38
1796,00	1229,02
1797,00	1235,33
1798,00	1225,04
1799,00	1236,04
1800,00	1243,76
1801,00	1239,31
1802,00	1255,46
1803,00	1261,31
1804,00	1280,04
1805,00	1252,19
1806,00	1282,85
1807,00	1280,98
1808,00	1271,61
1809,00	1252,89
1810,00	1256,63
1811,00	1273,72
1812,00	1245,16
1813,00	1242,59
1814,00	1269,97
1815,00	1262,25
1816,00	1268,10
1817,00	1256,40
1818,00	1300,17
1819,00	1246,34
1820,00	1255,93
1821,00	1233,70
1822,00	1230,19
1823,00	1228,08
1824,00	1246,34
1825,00	1259,68
1826,00	1229,72
1827,00	1265,76
1828,00	1236,97
1829,00	1246,34
1830,00	1249,38
1831,00	1255,23
1832,00	1217,78
1833,00	1223,40
1834,00	1242,36
1835,00	1251,95
1836,00	1243,76
1837,00	1217,31
1838,00	1235,80
1839,00	1256,63
1840,00	1260,61
1841,00	1235,80
1842,00	1220,82
1843,00	1240,72
1844,00	1256,87
1845,00	1228,08
1846,00	1239,31
1847,00	1242,59
1848,00	1235,57
1849,00	1237,68
1850,00	1243,29
1851,00	1257,80
1852,00	1259,44
1853,00	1218,48
1854,00	1256,40
1855,00	1235,57
1856,00	1241,19
1857,00	1221,29
1858,00	1240,25
1859,00	1225,50
1860,00	1242,12
1861,00	1273,95
1862,00	1227,14
1863,00	1222,23
1864,00	1239,78
1865,00	1228,31
1866,00	1236,04
1867,00	1239,31
1868,00	1241,42
1869,00	1216,38
1870,00	1242,82
1871,00	1242,12
1872,00	1245,87
1873,00	1247,04
1874,00	1242,59
1875,00	1239,78
1876,00	1237,44
1877,00	1249,14
1878,00	1247,74
1879,00	1235,80
1880,00	1231,59
1881,00	1243,06
1882,00	1222,93
1883,00	1245,63
1884,00	1249,38
1885,00	1225,74
1886,00	1250,55
1887,00	1227,61
1888,00	1229,48
1889,00	1234,63
1890,00	1234,63
1891,00	1241,89
1892,00	1250,31
1893,00	1243,29
1894,00	1228,31
1895,00	1238,85
1896,00	1266,70
1897,00	1272,08
1898,00	1245,40
1899,00	1245,63
1900,00	1245,63
1901,00	1249,38
1902,00	1259,21
1903,00	1252,89
1904,00	1232,76
1905,00	1258,27
1906,00	1221,53
1907,00	1237,21
1908,00	1280,74
1909,00	1232,76
1910,00	1239,78
1911,00	1222,70
1912,00	1239,78
1913,00	1250,55
1914,00	1249,61
1915,00	1231,36
1916,00	1236,74
1917,00	1239,55
1918,00	1226,44
1919,00	1245,63
1920,00	1240,02
1921,00	1235,57
1922,00	1231,36
1923,00	1242,36
1924,00	1253,59
1925,00	1232,99
1926,00	1229,25
1927,00	1242,36
1928,00	1254,76
1929,00	1249,14
1930,00	1248,91
1931,00	1233,46
1932,00	1253,82
1933,00	1245,87
1934,00	1251,02
1935,00	1257,10
1936,00	1242,59
1937,00	1241,65
1938,00	1251,02
1939,00	1253,36
1940,00	1278,87
1941,00	1250,31
1942,00	1257,34
1943,00	1250,78
1944,00	1257,80
1945,00	1236,97
1946,00	1241,19
1947,00	1245,63
1948,00	1255,23
1949,00	1226,91
1950,00	1265,06
1951,00	1251,02
1952,00	1239,78
1953,00	1234,63
1954,00	1236,51
1955,00	1241,89
1956,00	1244,46
1957,00	1249,14
1958,00	1230,19
1959,00	1234,87
1960,00	1232,29
1961,00	1265,29
1962,00	1221,76
1963,00	1236,27
1964,00	1248,68
1965,00	1238,38
1966,00	1246,10
1967,00	1244,70
1968,00	1236,51
1969,00	1231,59
1970,00	1221,29
1971,00	1235,10
1972,00	1236,97
1973,00	1241,89
1974,00	1237,68
1975,00	1232,29
1976,00	1243,06
1977,00	1231,82
1978,00	1216,14
1979,00	1235,33
1980,00	1293,85
1981,00	1261,08
1982,00	1236,74
1983,00	1240,48
1984,00	1222,23
1985,00	1244,70
1986,00	1244,70
1987,00	1235,80
1988,00	1230,65
1989,00	1256,87
1990,00	1243,06
1991,00	1240,25
1992,00	1276,53
1993,00	1241,42
1994,00	1244,23
1995,00	1229,95
1996,00	1231,82
1997,00	1238,14
1998,00	1250,55
1999,00	1216,38
2000,00	1222,46
2001,00	1235,33
2002,00	1237,21
2003,00	1244,23
2004,00	1260,14
2005,00	1229,02
2006,00	1236,97
2007,00	1249,38
2008,00	1219,65
2009,00	1235,57
2010,00	1268,34
2011,00	1214,74
2012,00	1230,19
2013,00	1253,59
2014,00	1251,95
2015,00	1232,99
2016,00	1230,65
2017,00	1239,55
2018,00	1241,19
2019,00	1229,25
2020,00	1244,23
2021,00	1237,21
2022,00	1227,85
2023,00	1241,19
2024,00	1234,63
2025,00	1230,89
2026,00	1234,63
2027,00	1234,87
2028,00	1233,93
2029,00	1252,42
2030,00	1225,74
2031,00	1225,97
2032,00	1234,87
2033,00	1225,04
2034,00	1243,06
2035,00	1240,72
2036,00	1245,87
2037,00	1221,76
2038,00	1222,93
2039,00	1231,12
2040,00	1245,87
2041,00	1251,25
2042,00	1244,23
2043,00	1256,87
2044,00	1225,04
2045,00	1232,29
2046,00	1232,29
2047,00	1232,29
