0,00	856,89
1,00	856,89
2,00	856,89
3,00	829,68
4,00	833,46
5,00	834,47
6,00	839,65
7,00	847,23
8,00	860,61
9,00	869,88
10,00	884,61
11,00	903,26
12,00	914,71
13,00	944,08
14,00	947,05
15,00	964,70
16,00	982,80
17,00	1006,16
18,00	1016,38
19,00	1039,69
20,00	1048,42
21,00	1064,29
22,00	1079,53
23,00	1277,22
24,00	1761,52
25,00	1819,71
26,00	1841,24
27,00	1873,17
28,00	1876,03
29,00	1896,47
30,00	1903,73
31,00	1931,40
32,00	1953,53
33,00	1957,46
34,00	1958,74
35,00	1994,06
36,00	1991,64
37,00	2009,39
38,00	2010,75
39,00	2034,27
40,00	2028,22
41,00	2048,52
42,00	2051,34
43,00	2064,11
44,00	2072,61
45,00	2066,45
46,00	2093,69
47,00	2102,14
48,00	2100,58
49,00	2108,40
50,00	2116,65
51,00	2119,15
52,00	2134,56
53,00	2150,89
54,00	2142,51
55,00	2164,75
56,00	2166,86
57,00	2168,56
58,00	2176,50
59,00	2194,55
60,00	2190,18
61,00	2194,76
62,00	2224,19
63,00	2225,52
64,00	2216,21
65,00	2238,08
66,00	2251,60
67,00	2260,25
68,00	2265,16
69,00	2275,21
70,00	2322,56
71,00	2309,74
72,00	2317,31
73,00	2313,39
74,00	2347,24
75,00	2329,12
76,00	2358,10
77,00	2368,33
78,00	2383,19
79,00	2384,73
80,00	2393,29
81,00	2416,48
82,00	2420,63
83,00	2426,80
84,00	2468,03
85,00	2459,95
86,00	2499,74
87,00	2495,99
88,00	2495,55
89,00	2511,59
90,00	2516,48
91,00	2544,93
92,00	2544,78
93,00	2578,15
94,00	2574,22
95,00	2582,09
96,00	2581,56
97,00	2630,34
98,00	2624,23
99,00	2634,69
100,00	2643,06
101,00	2667,04
102,00	2681,27
103,00	2694,80
104,00	2717,14
105,00	2706,91
106,00	2737,01
107,00	2740,26
108,00	2761,80
109,00	2735,01
110,00	2786,98
111,00	2806,61
112,00	2797,35
113,00	2820,13
114,00	2825,13
115,00	2852,51
116,00	2843,84
117,00	2882,11
118,00	2909,07
119,00	2891,18
120,00	2910,49
121,00	2930,84
122,00	2913,32
123,00	2927,16
124,00	2955,96
125,00	2964,88
126,00	2990,97
127,00	3011,93
128,00	2990,38
129,00	3046,69
130,00	3018,89
131,00	3030,55
132,00	3050,17
133,00	3074,55
134,00	3060,03
135,00	3084,38
136,00	3103,51
137,00	3130,81
138,00	3143,08
139,00	3152,43
140,00	3157,01
141,00	3187,62
142,00	3167,80
143,00	3177,80
144,00	3190,07
145,00	3184,68
146,00	3247,81
147,00	3251,10
148,00	3243,90
149,00	3303,15
150,00	3284,06
151,00	3327,76
152,00	3284,63
153,00	3268,17
154,00	3332,36
155,00	3339,58
156,00	3309,25
157,00	3365,61
158,00	3356,57
159,00	3396,32
160,00	3395,74
161,00	3409,08
162,00	3392,34
163,00	3403,24
164,00	3455,88
165,00	3433,69
166,00	3457,65
167,00	3470,96
168,00	3470,95
169,00	3497,35
170,00	3499,80
171,00	3504,12
172,00	3517,67
173,00	3535,04
174,00	3563,13
175,00	3573,87
176,00	3606,15
177,00	3599,21
178,00	3610,81
179,00	3602,48
180,00	3610,41
181,00	3652,88
182,00	3663,07
183,00	3677,24
184,00	3674,53
185,00	3666,27
186,00	3715,31
187,00	3722,47
188,00	3736,73
189,00	3745,04
190,00	3767,76
191,00	3758,20
192,00	3809,08
193,00	3833,54
194,00	3826,40
195,00	3833,37
196,00	3870,30
197,00	3890,29
198,00	3903,76
199,00	3891,03
200,00	3909,21
201,00	3984,99
202,00	3970,04
203,00	3933,17
204,00	3998,36
205,00	4021,34
206,00	4016,61
207,00	4059,31
208,00	4072,83
209,00	4094,16
210,00	4129,71
211,00	4124,24
212,00	4144,27
213,00	4141,29
214,00	4166,76
215,00	4192,94
216,00	4206,80
217,00	4240,47
218,00	4234,37
219,00	4258,35
220,00	4298,67
221,00	4309,11
222,00	4311,31
223,00	4343,91
224,00	4381,61
225,00	4390,87
226,00	4433,66
227,00	4397,04
228,00	4463,59
229,00	4455,29
230,00	4463,45
231,00	4490,93
232,00	4525,97
233,00	4573,31
234,00	4536,86
235,00	4584,54
236,00	4613,47
237,00	4625,34
238,00	4652,55
239,00	4656,28
240,00	4732,18
241,00	4675,82
242,00	4751,15
243,00	4738,58
244,00	4765,31
245,00	4754,19
246,00	4790,11
247,00	4834,74
248,00	4796,38
249,00	4884,74
250,00	4841,32
251,00	4885,69
252,00	4868,92
253,00	4882,47
254,00	4991,34
255,00	4913,82
256,00	5013,71
257,00	4984,41
258,00	5034,20
259,00	5008,99
260,00	5055,75
261,00	5012,33
262,00	5033,86
263,00	5118,74
264,00	5101,03
265,00	5082,56
266,00	5141,13
267,00	5107,42
268,00	5184,24
269,00	5176,93
270,00	5142,79
271,00	5200,87
272,00	5215,55
273,00	5233,18
274,00	5257,39
275,00	5230,85
276,00	5240,92
277,00	5269,67
278,00	5201,88
279,00	5300,05
280,00	5355,40
281,00	5299,82
282,00	5340,79
283,00	5364,87
284,00	5366,32
285,00	5434,57
286,00	5381,89
287,00	5432,28
288,00	5459,74
289,00	5400,65
290,00	5425,52
291,00	5449,79
292,00	5495,73
293,00	5401,97
294,00	5437,67
295,00	5448,58
296,00	5492,61
297,00	5425,64
298,00	5553,57
299,00	5514,15
300,00	5576,13
301,00	5558,20
302,00	5568,66
303,00	5641,91
304,00	5554,21
305,00	5615,00
306,00	5643,83
307,00	5649,41
308,00	5688,17
309,00	5673,03
310,00	5638,39
311,00	5668,57
312,00	5730,41
313,00	5715,72
314,00	5743,58
315,00	5796,75
316,00	5791,80
317,00	5774,02
318,00	5819,60
319,00	5787,84
320,00	5848,59
321,00	5888,09
322,00	5853,82
323,00	5908,68
324,00	5879,02
325,00	5872,35
326,00	5905,23
327,00	5939,51
328,00	5997,17
329,00	6032,68
330,00	6008,45
331,00	5987,90
332,00	5994,83
333,00	6048,15
334,00	6064,36
335,00	6120,64
336,00	6110,04
337,00	6142,83
338,00	6219,52
339,00	6198,94
340,00	6209,72
341,00	6264,88
342,00	6251,19
343,00	6292,36
344,00	6298,90
345,00	6360,65
346,00	6320,20
347,00	6410,76
348,00	6392,77
349,00	6463,17
350,00	6452,68
351,00	6549,71
352,00	6552,61
353,00	6549,48
354,00	6587,19
355,00	6625,04
356,00	6687,30
357,00	6685,12
358,00	6751,24
359,00	6727,63
360,00	6794,05
361,00	6844,32
362,00	6898,12
363,00	6845,10
364,00	6971,77
365,00	7020,71
366,00	7024,13
367,00	7017,45
368,00	7145,59
369,00	7166,80
370,00	7166,19
371,00	7244,52
372,00	7239,65
373,00	7328,86
374,00	7327,06
375,00	7362,12
376,00	7408,80
377,00	7442,85
378,00	7456,45
379,00	7439,83
380,00	7499,85
381,00	7578,04
382,00	7573,05
383,00	7627,60
384,00	7556,21
385,00	7637,36
386,00	7674,35
387,00	7687,77
388,00	7696,84
389,00	7759,82
390,00	7751,85
391,00	7785,79
392,00	7813,71
393,00	7824,52
394,00	7763,76
395,00	7894,20
396,00	7929,28
397,00	7912,36
398,00	7899,59
399,00	7973,18
400,00	7986,13
401,00	8021,72
402,00	8070,29
403,00	8109,82
404,00	8143,94
405,00	8194,72
406,00	8191,77
407,00	8202,59
408,00	8248,17
409,00	8267,55
410,00	8337,23
411,00	8333,00
412,00	8413,31
413,00	8425,00
414,00	8463,13
415,00	8504,57
416,00	8583,26
417,00	8611,57
418,00	8629,68
419,00	8648,08
420,00	8675,97
421,00	8707,35
422,00	8831,68
423,00	8843,79
424,00	8856,29
425,00	8917,42
426,00	8987,81
427,00	8972,58
428,00	9059,91
429,00	9101,41
430,00	9137,51
431,00	9178,55
432,00	9159,90
433,00	9275,52
434,00	9317,60
435,00	9352,71
436,00	9387,44
437,00	9474,25
438,00	9480,83
439,00	9559,28
440,00	9582,61
441,00	9644,27
442,00	9657,65
443,00	9767,34
444,00	9742,03
445,00	9813,65
446,00	9865,12
447,00	9871,25
448,00	9949,88
449,00	10014,85
450,00	10031,99
451,00	10057,54
452,00	10145,45
453,00	10200,12
454,00	10203,17
455,00	10251,00
456,00	10313,96
457,00	10406,63
458,00	10419,68
459,00	10432,41
460,00	10527,25
461,00	10512,50
462,00	10663,22
463,00	10689,60
464,00	10736,04
465,00	10823,67
466,00	10807,85
467,00	10865,49
468,00	10960,02
469,00	11001,56
470,00	11077,45
471,00	11067,34
472,00	11122,02
473,00	11173,89
474,00	11226,64
475,00	11311,92
476,00	11378,22
477,00	11429,52
478,00	11415,91
479,00	11527,71
480,00	11563,55
481,00	11677,15
482,00	11667,34
483,00	11755,64
484,00	11786,23
485,00	11838,46
486,00	11876,14
487,00	11964,78
488,00	11982,29
489,00	12062,07
490,00	12063,98
491,00	12108,68
492,00	12141,55
493,00	12256,08
494,00	12305,28
495,00	12372,19
496,00	12393,09
497,00	12512,88
498,00	12581,57
499,00	12621,65
500,00	12654,35
501,00	12657,58
502,00	12822,18
503,00	12870,78
504,00	12946,41
505,00	12970,87
506,00	12976,54
507,00	13148,06
508,00	13127,06
509,00	13210,74
510,00	13206,51
511,00	13338,60
512,00	13426,99
513,00	13382,30
514,00	13497,45
515,00	13562,49
516,00	13651,68
517,00	13611,13
518,00	13795,32
519,00	13820,07
520,00	13856,29
521,00	13846,10
522,00	14056,11
523,00	14098,40
524,00	14093,93
525,00	14160,64
526,00	14351,05
527,00	14271,20
528,00	14260,49
529,00	14430,75
530,00	14516,72
531,00	14632,48
532,00	14740,28
533,00	14790,56
534,00	14773,79
535,00	14720,63
536,00	14891,02
537,00	14921,73
538,00	14980,34
539,00	15082,75
540,00	15124,40
541,00	15292,85
542,00	15316,44
543,00	15432,54
544,00	15472,25
545,00	15448,18
546,00	15527,01
547,00	15696,53
548,00	15687,92
549,00	15857,42
550,00	15867,35
551,00	15886,81
552,00	15974,87
553,00	15929,54
554,00	16074,24
555,00	16310,38
556,00	16281,00
557,00	16357,71
558,00	16319,79
559,00	16508,81
560,00	16659,57
561,00	16682,15
562,00	16750,60
563,00	16783,42
564,00	16758,57
565,00	16847,76
566,00	16964,40
567,00	17052,82
568,00	17144,28
569,00	17273,94
570,00	17169,96
571,00	17241,30
572,00	17419,69
573,00	17526,81
574,00	17664,25
575,00	17645,89
576,00	17774,31
577,00	17687,75
578,00	17889,08
579,00	17955,52
580,00	18043,71
581,00	18162,98
582,00	18112,04
583,00	18344,96
584,00	18346,73
585,00	18515,72
586,00	18611,46
587,00	18606,95
588,00	18723,09
589,00	18791,57
590,00	19050,77
591,00	18906,37
592,00	19096,68
593,00	19130,39
594,00	19179,24
595,00	19372,56
596,00	19358,34
597,00	19606,86
598,00	19650,69
599,00	19734,57
600,00	19791,39
601,00	20046,00
602,00	19914,59
603,00	20106,36
604,00	20167,93
605,00	20230,49
606,00	20370,48
607,00	20433,48
608,00	20677,02
609,00	20656,23
610,00	20711,22
611,00	20915,95
612,00	21019,71
613,00	20903,77
614,00	21136,08
615,00	21400,43
616,00	21431,12
617,00	21436,84
618,00	21465,17
619,00	21708,59
620,00	21733,80
621,00	21772,85
622,00	22049,09
623,00	21955,96
624,00	22285,23
625,00	22403,41
626,00	22410,93
627,00	22490,46
628,00	22543,79
629,00	22787,15
630,00	22806,24
631,00	23101,71
632,00	22954,75
633,00	23048,46
634,00	23218,51
635,00	23392,57
636,00	23570,26
637,00	23520,94
638,00	23505,52
639,00	23672,39
640,00	23911,32
641,00	24087,16
642,00	24168,43
643,00	24126,64
644,00	24138,61
645,00	24220,84
646,00	24511,20
647,00	24780,99
648,00	24974,01
649,00	24851,88
650,00	24768,70
651,00	24954,67
652,00	25182,50
653,00	25504,73
654,00	25541,04
655,00	25606,14
656,00	25593,74
657,00	25684,50
658,00	25995,07
659,00	26225,65
660,00	26565,63
661,00	26553,19
662,00	26594,73
663,00	26279,76
664,00	26402,36
665,00	26431,60
666,00	26675,88
667,00	26914,24
668,00	27258,71
669,00	27091,18
670,00	26758,21
671,00	26876,96
672,00	27027,60
673,00	27227,87
674,00	27745,15
675,00	27974,63
676,00	28065,48
677,00	27745,40
678,00	27369,21
679,00	27600,49
680,00	27895,74
681,00	28246,04
682,00	28428,64
683,00	28816,66
684,00	28830,06
685,00	28411,85
686,00	28358,50
687,00	28462,21
688,00	28621,79
689,00	29010,88
690,00	29495,37
691,00	29462,88
692,00	29692,63
693,00	29193,46
694,00	28903,80
695,00	29000,11
696,00	29154,51
697,00	29544,52
698,00	29958,96
699,00	30148,06
700,00	30357,54
701,00	30370,43
702,00	29858,15
703,00	29804,78
704,00	29857,89
705,00	30057,62
706,00	30527,06
707,00	30844,70
708,00	31110,74
709,00	31501,82
710,00	31134,97
711,00	30604,17
712,00	30393,95
713,00	30523,62
714,00	31053,21
715,00	31335,39
716,00	31511,97
717,00	31814,40
718,00	32059,47
719,00	32192,04
720,00	31624,53
721,00	31247,70
722,00	31379,23
723,00	31447,14
724,00	31894,86
725,00	32117,98
726,00	32557,99
727,00	32967,85
728,00	32989,05
729,00	33314,06
730,00	32110,75
731,00	31955,63
732,00	32040,40
733,00	32307,11
734,00	32427,42
735,00	33249,45
736,00	33477,94
737,00	33672,07
738,00	33908,31
739,00	33725,36
740,00	33416,19
741,00	32905,01
742,00	32895,67
743,00	33028,81
744,00	33616,51
745,00	33818,23
746,00	34128,93
747,00	34520,86
748,00	34845,85
749,00	35110,68
750,00	35043,03
751,00	34284,03
752,00	33987,00
753,00	33961,84
754,00	34479,04
755,00	34648,77
756,00	34584,89
757,00	35341,30
758,00	35688,12
759,00	36250,16
760,00	36095,59
761,00	36268,08
762,00	35602,07
763,00	34879,64
764,00	34956,75
765,00	35170,09
766,00	35357,06
767,00	35779,76
768,00	36158,05
769,00	36556,27
770,00	37014,67
771,00	36959,76
772,00	37228,54
773,00	37381,76
774,00	36153,31
775,00	35732,10
776,00	35969,80
777,00	36632,33
778,00	36910,14
779,00	37303,80
780,00	37492,15
781,00	38024,37
782,00	38125,19
783,00	38177,93
784,00	38627,60
785,00	38004,86
786,00	37469,96
787,00	37082,28
788,00	37258,22
789,00	37936,19
790,00	37878,10
791,00	38211,71
792,00	38479,36
793,00	38903,33
794,00	39197,26
795,00	39739,18
796,00	39913,24
797,00	40160,51
798,00	39214,71
799,00	38580,97
800,00	38089,69
801,00	38487,24
802,00	38578,56
803,00	39192,24
804,00	39493,08
805,00	39879,67
806,00	40302,19
807,00	40894,04
808,00	41288,79
809,00	41506,96
810,00	41605,74
811,00	40603,73
812,00	39790,82
813,00	39415,10
814,00	39515,09
815,00	39843,11
816,00	40214,13
817,00	40688,32
818,00	41353,97
819,00	41607,44
820,00	42033,85
821,00	42446,21
822,00	42205,84
823,00	42790,94
824,00	42334,26
825,00	41219,06
826,00	40748,78
827,00	40775,32
828,00	41028,91
829,00	41579,22
830,00	42247,42
831,00	42568,80
832,00	43097,88
833,00	43530,72
834,00	43795,83
835,00	43816,26
836,00	43962,65
837,00	43910,82
838,00	43765,71
839,00	42807,77
840,00	42486,66
841,00	42543,62
842,00	42682,18
843,00	43392,99
844,00	43543,75
845,00	44357,40
846,00	44763,89
847,00	45377,10
848,00	45373,83
849,00	45550,95
850,00	45332,54
851,00	45673,31
852,00	45775,36
853,00	45238,64
854,00	44422,56
855,00	44111,52
856,00	44438,18
857,00	44897,03
858,00	45367,19
859,00	46035,39
860,00	46527,12
861,00	46750,55
862,00	46923,96
863,00	46908,21
864,00	46864,74
865,00	47006,27
866,00	47486,26
867,00	47635,24
868,00	47053,47
869,00	46415,20
870,00	46102,60
871,00	46427,35
872,00	46555,86
873,00	47164,45
874,00	47468,07
875,00	48109,35
876,00	48360,04
877,00	48348,98
878,00	48287,99
879,00	48320,08
880,00	48831,71
881,00	48962,29
882,00	49568,14
883,00	49579,37
884,00	49185,79
885,00	48713,67
886,00	48784,38
887,00	49267,76
888,00	49133,49
889,00	49489,28
890,00	49897,95
891,00	50253,41
892,00	50132,13
893,00	49764,95
894,00	50033,27
895,00	50100,68
896,00	50327,06
897,00	50782,90
898,00	51227,03
899,00	51308,90
900,00	50868,39
901,00	50331,96
902,00	49986,90
903,00	49951,78
904,00	50511,37
905,00	50946,32
906,00	51203,25
907,00	51523,01
908,00	51087,41
909,00	51175,78
910,00	51258,39
911,00	51533,09
912,00	51876,05
913,00	52347,15
914,00	52436,09
915,00	52965,01
916,00	52863,24
917,00	52511,51
918,00	51875,09
919,00	51763,02
920,00	51983,72
921,00	52323,89
922,00	52657,30
923,00	52830,57
924,00	52724,74
925,00	52488,07
926,00	52894,17
927,00	52807,79
928,00	53158,62
929,00	53495,09
930,00	54048,14
931,00	54146,73
932,00	54644,05
933,00	54874,73
934,00	54604,29
935,00	53990,98
936,00	53832,80
937,00	53893,36
938,00	53814,73
939,00	54121,22
940,00	54151,19
941,00	53741,81
942,00	53448,40
943,00	53423,96
944,00	53880,93
945,00	53837,25
946,00	54575,42
947,00	54697,09
948,00	55158,69
949,00	55376,85
950,00	55709,78
951,00	55710,90
952,00	55596,59
953,00	55154,20
954,00	55143,91
955,00	55046,00
956,00	55251,11
957,00	54967,18
958,00	54742,23
959,00	54469,30
960,00	54341,75
961,00	54472,16
962,00	54837,29
963,00	55054,34
964,00	55495,83
965,00	55757,95
966,00	55914,44
967,00	56313,90
968,00	56656,99
969,00	56865,40
970,00	56899,25
971,00	56552,18
972,00	56328,49
973,00	56377,09
974,00	56104,74
975,00	56109,76
976,00	55662,62
977,00	55399,16
978,00	55418,90
979,00	55484,92
980,00	55610,83
981,00	56111,22
982,00	56411,90
983,00	56481,08
984,00	56895,11
985,00	57018,14
986,00	57279,82
987,00	57445,44
988,00	57821,99
989,00	57852,01
990,00	57489,35
991,00	57501,59
992,00	57366,22
993,00	57300,75
994,00	56666,30
995,00	56247,14
996,00	55642,09
997,00	55316,43
998,00	55852,72
999,00	56304,22
1000,00	56464,15
1001,00	57165,79
1002,00	57475,57
1003,00	57677,10
1004,00	57868,20
1005,00	58195,42
1006,00	58152,37
1007,00	58560,91
1008,00	58338,07
1009,00	58592,51
1010,00	58501,49
1011,00	58319,33
1012,00	58164,86
1013,00	57952,64
1014,00	57457,38
1015,00	57369,50
1016,00	57007,52
1017,00	57160,43
1018,00	57367,93
1019,00	57440,37
1020,00	57569,11
1021,00	57825,36
1022,00	58218,47
1023,00	58289,54
1024,00	58706,03
1025,00	58778,17
1026,00	59084,80
1027,00	59204,99
1028,00	59245,62
1029,00	59501,66
1030,00	59235,57
1031,00	59348,71
1032,00	59251,88
1033,00	58974,95
1034,00	58537,30
1035,00	58233,84
1036,00	58081,81
1037,00	58316,36
1038,00	58298,77
1039,00	58292,56
1040,00	58495,13
1041,00	58774,03
1042,00	58916,23
1043,00	59138,65
1044,00	59314,69
1045,00	59612,33
1046,00	59878,74
1047,00	59648,10
1048,00	60103,98
1049,00	60410,13
1050,00	60332,14
1051,00	60234,85
1052,00	60283,06
1053,00	60190,39
1054,00	59921,37
1055,00	59533,41
1056,00	59228,88
1057,00	58994,65
1058,00	58989,33
1059,00	59148,78
1060,00	59277,36
1061,00	59096,15
1062,00	59553,10
1063,00	59998,01
1064,00	60357,14
1065,00	60336,15
1066,00	60370,88
1067,00	60393,36
1068,00	59942,11
1069,00	59808,08
1070,00	59647,01
1071,00	60246,18
1072,00	60970,42
1073,00	60882,71
1074,00	61241,23
1075,00	60983,12
1076,00	60695,62
1077,00	60462,52
1078,00	60274,42
1079,00	59863,58
1080,00	60105,47
1081,00	60224,93
1082,00	60268,08
1083,00	60420,23
1084,00	60696,93
1085,00	60769,05
1086,00	61105,32
1087,00	61157,02
1088,00	61186,82
1089,00	61586,15
1090,00	61511,11
1091,00	61728,67
1092,00	62020,69
1093,00	61830,18
1094,00	62010,53
1095,00	62078,35
1096,00	62105,78
1097,00	61868,38
1098,00	61477,44
1099,00	61297,32
1100,00	60935,01
1101,00	60749,15
1102,00	60943,20
1103,00	61080,97
1104,00	61177,25
1105,00	61277,09
1106,00	61496,17
1107,00	61671,34
1108,00	61858,82
1109,00	61964,21
1110,00	62099,23
1111,00	62326,86
1112,00	62349,19
1113,00	62504,13
1114,00	62495,09
1115,00	62566,30
1116,00	62725,62
1117,00	62741,30
1118,00	62847,50
1119,00	62627,62
1120,00	62609,90
1121,00	62200,28
1122,00	62089,60
1123,00	61728,17
1124,00	62046,80
1125,00	61921,56
1126,00	62121,70
1127,00	62117,43
1128,00	62306,29
1129,00	62354,35
1130,00	62552,64
1131,00	62710,93
1132,00	62824,86
1133,00	62889,47
1134,00	62926,75
1135,00	63183,10
1136,00	63174,19
1137,00	63407,67
1138,00	63255,39
1139,00	63368,32
1140,00	63550,85
1141,00	63641,96
1142,00	63406,17
1143,00	63196,51
1144,00	62906,82
1145,00	62741,67
1146,00	62583,29
1147,00	62409,04
1148,00	62567,12
1149,00	62661,23
1150,00	62778,50
1151,00	62900,52
1152,00	63029,60
1153,00	63192,30
1154,00	63290,93
1155,00	63411,90
1156,00	63459,32
1157,00	63532,60
1158,00	63540,91
1159,00	63687,02
1160,00	63938,11
1161,00	63848,12
1162,00	63936,81
1163,00	64073,93
1164,00	64013,10
1165,00	64055,96
1166,00	63955,58
1167,00	63777,83
1168,00	63477,76
1169,00	63436,59
1170,00	63128,00
1171,00	63218,60
1172,00	63149,26
1173,00	63339,16
1174,00	63430,03
1175,00	63521,85
1176,00	63602,64
1177,00	63613,92
1178,00	63770,43
1179,00	63917,29
1180,00	64015,33
1181,00	63987,06
1182,00	64091,77
1183,00	64145,36
1184,00	64203,04
1185,00	64298,04
1186,00	64330,23
1187,00	64329,76
1188,00	64499,92
1189,00	64378,56
1190,00	64532,88
1191,00	64237,89
1192,00	64017,35
1193,00	63760,30
1194,00	63843,61
1195,00	63564,36
1196,00	63786,76
1197,00	63691,73
1198,00	63860,00
1199,00	63985,31
1200,00	63979,88
1201,00	64007,63
1202,00	64137,98
1203,00	64033,81
1204,00	64382,63
1205,00	64415,78
1206,00	64351,12
1207,00	64445,32
1208,00	64505,32
1209,00	64517,60
1210,00	64658,91
1211,00	64576,68
1212,00	64654,49
1213,00	64702,90
1214,00	64795,07
1215,00	64660,74
1216,00	64370,67
1217,00	64265,11
1218,00	64182,63
1219,00	64015,29
1220,00	64012,12
1221,00	63862,63
1222,00	64033,27
1223,00	64053,33
1224,00	64125,73
1225,00	64222,28
1226,00	64214,74
1227,00	64264,44
1228,00	64342,42
1229,00	64419,68
1230,00	64419,99
1231,00	64441,32
1232,00	64448,46
1233,00	64584,60
1234,00	64571,91
1235,00	64622,49
1236,00	64653,66
1237,00	64586,55
1238,00	64687,20
1239,00	64611,68
1240,00	64516,13
1241,00	64517,06
1242,00	64290,63
1243,00	64180,46
1244,00	64057,24
1245,00	63946,80
1246,00	63920,14
1247,00	64033,30
1248,00	63980,96
1249,00	63983,40
1250,00	64104,61
1251,00	64166,11
1252,00	64152,59
1253,00	64273,87
1254,00	64244,25
1255,00	64322,44
1256,00	64369,08
1257,00	64380,63
1258,00	64262,90
1259,00	64267,28
1260,00	64458,80
1261,00	64339,51
1262,00	64412,42
1263,00	64367,43
1264,00	64316,85
1265,00	64471,14
1266,00	64338,57
1267,00	64140,02
1268,00	64082,48
1269,00	63986,66
1270,00	63946,45
1271,00	63802,13
1272,00	63847,84
1273,00	63826,49
1274,00	63829,53
1275,00	63802,66
1276,00	63869,48
1277,00	63721,81
1278,00	64097,86
1279,00	63745,17
1280,00	64068,96
1281,00	63888,85
1282,00	63949,34
1283,00	63965,06
1284,00	64005,44
1285,00	63855,15
1286,00	64086,08
1287,00	63947,54
1288,00	63963,67
1289,00	64081,40
1290,00	63899,05
1291,00	63914,35
1292,00	63957,25
1293,00	63801,75
1294,00	63689,26
1295,00	63594,24
1296,00	63622,85
1297,00	63413,08
1298,00	63455,85
1299,00	63322,02
1300,00	63388,13
1301,00	63483,92
1302,00	63379,39
1303,00	63464,19
1304,00	63503,76
1305,00	63408,42
1306,00	63386,39
1307,00	63555,88
1308,00	63465,23
1309,00	63462,74
1310,00	63523,71
1311,00	63489,85
1312,00	63561,58
1313,00	63481,08
1314,00	63387,24
1315,00	63549,25
1316,00	63440,69
1317,00	63441,54
1318,00	63305,84
1319,00	63458,76
1320,00	63302,10
1321,00	63263,18
1322,00	63139,29
1323,00	63108,48
1324,00	63102,47
1325,00	62973,39
1326,00	63079,74
1327,00	63011,60
1328,00	63038,95
1329,00	62939,29
1330,00	63074,78
1331,00	62767,13
1332,00	63041,08
1333,00	63069,44
1334,00	63014,57
1335,00	62931,57
1336,00	63055,23
1337,00	63013,69
1338,00	63121,44
1339,00	63183,47
1340,00	63242,47
1341,00	63017,00
1342,00	63038,03
1343,00	62964,56
1344,00	62835,05
1345,00	62948,02
1346,00	62884,19
1347,00	63015,61
1348,00	62830,63
1349,00	62573,03
1350,00	62753,61
1351,00	62600,75
1352,00	62313,84
1353,00	62822,88
1354,00	62588,66
1355,00	62552,61
1356,00	62604,01
1357,00	62319,43
1358,00	62335,24
1359,00	62225,91
1360,00	62380,11
1361,00	62377,66
1362,00	62505,66
1363,00	62483,83
1364,00	62482,96
1365,00	62690,59
1366,00	62179,31
1367,00	62606,67
1368,00	62588,83
1369,00	62453,94
1370,00	62647,37
1371,00	62524,24
1372,00	62589,44
1373,00	62584,06
1374,00	62453,99
1375,00	62246,69
1376,00	62275,49
1377,00	62457,98
1378,00	62161,65
1379,00	62250,17
1380,00	62292,05
1381,00	62163,90
1382,00	62243,83
1383,00	62259,07
1384,00	62454,61
1385,00	62350,45
1386,00	62133,84
1387,00	62320,25
1388,00	62331,34
1389,00	62235,83
1390,00	61986,03
1391,00	61953,98
1392,00	62174,80
1393,00	62283,63
1394,00	62221,81
1395,00	62289,02
1396,00	62179,16
1397,00	62195,21
1398,00	62490,88
1399,00	62229,89
1400,00	62269,39
1401,00	62582,46
1402,00	62230,61
1403,00	62256,06
1404,00	61983,24
1405,00	62236,19
1406,00	62099,31
1407,00	62012,01
1408,00	62078,07
1409,00	62003,55
1410,00	61967,67
1411,00	61957,31
1412,00	62008,35
1413,00	62062,03
1414,00	62038,18
1415,00	61843,79
1416,00	61836,06
1417,00	62018,75
1418,00	61844,65
1419,00	61934,41
1420,00	61741,47
1421,00	62029,92
1422,00	61872,21
1423,00	61907,58
1424,00	61976,74
1425,00	61716,31
1426,00	61981,53
1427,00	61954,70
1428,00	61893,46
1429,00	62076,41
1430,00	61824,83
1431,00	61885,27
1432,00	61778,64
1433,00	61920,75
1434,00	61960,81
1435,00	61850,20
1436,00	61848,59
1437,00	61871,71
1438,00	61779,21
1439,00	61656,49
1440,00	61743,04
1441,00	61655,68
1442,00	61745,51
1443,00	61699,42
1444,00	61740,57
1445,00	61692,31
1446,00	61866,49
1447,00	61774,83
1448,00	61820,05
1449,00	61680,95
1450,00	61744,90
1451,00	61704,34
1452,00	61691,80
1453,00	61682,48
1454,00	61642,33
1455,00	61647,77
1456,00	61765,71
1457,00	61558,73
1458,00	61708,71
1459,00	61597,99
1460,00	61551,56
1461,00	61672,42
1462,00	61638,43
1463,00	61409,96
1464,00	61696,67
1465,00	61592,56
1466,00	61587,00
1467,00	61556,96
1468,00	61614,10
1469,00	61578,02
1470,00	61391,08
1471,00	61528,97
1472,00	61506,53
1473,00	61343,17
1474,00	61483,36
1475,00	61476,00
1476,00	61518,26
1477,00	61547,99
1478,00	61560,74
1479,00	61540,60
1480,00	61533,96
1481,00	61462,42
1482,00	61374,36
1483,00	61539,39
1484,00	61406,26
1485,00	61518,37
1486,00	61463,13
1487,00	61394,27
1488,00	61428,36
1489,00	61494,73
1490,00	61343,05
1491,00	61340,61
1492,00	61332,31
1493,00	61388,31
1494,00	61328,66
1495,00	61564,67
1496,00	61179,14
1497,00	61394,79
1498,00	61178,16
1499,00	61385,25
1500,00	61141,21
1501,00	61280,41
1502,00	61180,83
1503,00	61153,36
1504,00	61114,52
1505,00	61315,05
1506,00	61350,91
1507,00	61067,10
1508,00	61267,89
1509,00	61121,87
1510,00	61145,25
1511,00	61231,71
1512,00	61003,68
1513,00	61266,93
1514,00	61196,56
1515,00	61061,57
1516,00	61064,32
1517,00	61056,03
1518,00	61208,26
1519,00	60950,26
1520,00	61040,79
1521,00	60996,99
1522,00	61055,93
1523,00	60997,80
1524,00	61123,58
1525,00	61063,56
1526,00	61001,05
1527,00	61064,62
1528,00	61019,13
1529,00	60936,92
1530,00	61043,35
1531,00	60934,32
1532,00	60985,47
1533,00	60987,97
1534,00	60857,68
1535,00	60730,32
1536,00	60813,44
1537,00	60887,45
1538,00	60836,90
1539,00	60899,59
1540,00	60900,54
1541,00	60873,84
1542,00	60940,16
1543,00	60775,52
1544,00	60893,39
1545,00	60694,10
1546,00	60759,77
1547,00	60768,91
1548,00	60885,54
1549,00	60652,43
1550,00	60697,50
1551,00	60685,32
1552,00	60574,54
1553,00	60755,12
1554,00	60708,36
1555,00	60541,15
1556,00	60560,35
1557,00	60622,95
1558,00	60527,74
1559,00	60488,50
1560,00	60472,62
1561,00	60517,77
1562,00	60613,10
1563,00	60622,53
1564,00	60277,58
1565,00	60475,94
1566,00	60343,62
1567,00	60358,82
1568,00	60223,06
1569,00	60282,61
1570,00	60340,76
1571,00	60182,75
1572,00	60243,24
1573,00	60236,56
1574,00	60280,92
1575,00	60283,03
1576,00	60181,10
1577,00	60301,18
1578,00	60239,02
1579,00	60075,44
1580,00	60137,57
1581,00	60161,25
1582,00	60175,40
1583,00	60113,75
1584,00	60002,40
1585,00	60127,77
1586,00	60048,87
1587,00	59885,40
1588,00	59781,85
1589,00	60012,29
1590,00	59729,27
1591,00	59763,28
1592,00	59913,40
1593,00	59792,02
1594,00	59864,98
1595,00	59704,48
1596,00	59605,68
1597,00	59597,24
1598,00	59420,02
1599,00	59616,95
1600,00	59573,94
1601,00	59496,92
1602,00	59348,20
1603,00	59403,95
1604,00	59447,35
1605,00	59344,73
1606,00	59413,22
1607,00	59258,16
1608,00	59237,29
1609,00	59240,96
1610,00	59216,75
1611,00	59152,56
1612,00	59241,10
1613,00	59125,77
1614,00	59077,63
1615,00	59165,54
1616,00	59121,13
1617,00	58921,73
1618,00	58928,62
1619,00	58966,38
1620,00	58960,78
1621,00	58786,64
1622,00	58779,40
1623,00	58779,59
1624,00	58660,36
1625,00	58505,04
1626,00	58648,03
1627,00	58582,22
1628,00	58451,67
1629,00	58553,13
1630,00	58562,91
1631,00	58359,68
1632,00	58486,85
1633,00	58329,41
1634,00	58378,62
1635,00	58314,64
1636,00	58272,53
1637,00	58096,36
1638,00	58182,60
1639,00	58161,66
1640,00	58092,88
1641,00	58087,73
1642,00	57961,10
1643,00	57969,52
1644,00	57677,04
1645,00	57972,08
1646,00	57834,72
1647,00	57801,33
1648,00	57696,32
1649,00	57747,90
1650,00	57619,83
1651,00	57598,98
1652,00	57526,01
1653,00	57449,00
1654,00	57557,38
1655,00	57491,74
1656,00	57197,31
1657,00	57127,59
1658,00	57222,19
1659,00	57193,18
1660,00	57186,11
1661,00	57138,19
1662,00	57094,60
1663,00	57078,74
1664,00	57130,52
1665,00	56931,35
1666,00	56880,77
1667,00	56999,69
1668,00	56809,65
1669,00	56849,16
1670,00	56670,08
1671,00	56685,55
1672,00	56716,47
1673,00	56509,78
1674,00	56589,69
1675,00	56325,09
1676,00	56390,59
1677,00	56309,32
1678,00	56413,30
1679,00	56247,23
1680,00	56279,48
1681,00	56217,35
1682,00	56294,67
1683,00	55990,18
1684,00	55953,25
1685,00	55927,81
1686,00	56029,20
1687,00	55936,67
1688,00	55743,21
1689,00	55842,82
1690,00	55757,32
1691,00	55574,24
1692,00	55371,73
1693,00	55523,77
1694,00	55544,88
1695,00	55548,31
1696,00	55376,22
1697,00	55237,86
1698,00	55121,16
1699,00	55301,00
1700,00	55263,94
1701,00	55217,27
1702,00	55126,79
1703,00	54978,33
1704,00	54993,86
1705,00	54774,78
1706,00	55008,93
1707,00	54698,60
1708,00	54829,03
1709,00	54569,60
1710,00	54748,38
1711,00	54588,21
1712,00	54369,38
1713,00	54554,50
1714,00	54277,46
1715,00	54170,03
1716,00	54238,06
1717,00	54009,39
1718,00	54091,52
1719,00	54383,52
1720,00	54006,31
1721,00	54055,25
1722,00	53872,48
1723,00	53955,55
1724,00	54009,93
1725,00	53774,49
1726,00	53710,10
1727,00	53473,37
1728,00	53564,54
1729,00	53567,07
1730,00	53404,84
1731,00	53197,83
1732,00	53290,52
1733,00	52978,08
1734,00	52745,84
1735,00	52868,77
1736,00	52806,43
1737,00	52887,74
1738,00	52886,04
1739,00	52798,71
1740,00	52604,84
1741,00	52652,81
1742,00	52503,02
1743,00	52522,40
1744,00	52483,80
1745,00	52339,01
1746,00	52233,61
1747,00	51975,14
1748,00	52248,94
1749,00	51918,94
1750,00	51403,11
1751,00	51743,68
1752,00	51717,62
1753,00	51740,04
1754,00	51906,01
1755,00	51401,62
1756,00	51448,74
1757,00	51415,18
1758,00	51369,86
1759,00	51506,36
1760,00	51137,13
1761,00	51241,36
1762,00	51191,73
1763,00	51130,07
1764,00	50985,48
1765,00	51043,76
1766,00	51058,20
1767,00	50733,88
1768,00	50756,37
1769,00	50489,97
1770,00	50366,91
1771,00	50477,78
1772,00	50305,93
1773,00	50061,74
1774,00	50230,88
1775,00	50155,35
1776,00	49854,11
1777,00	49952,35
1778,00	49706,79
1779,00	49971,38
1780,00	49702,18
1781,00	49672,66
1782,00	49379,88
1783,00	49471,82
1784,00	49384,03
1785,00	49086,85
1786,00	49191,89
1787,00	49039,84
1788,00	49142,37
1789,00	48806,17
1790,00	48767,43
1791,00	48429,83
1792,00	48353,41
1793,00	48085,15
1794,00	48276,60
1795,00	48249,99
1796,00	48314,07
1797,00	47691,94
1798,00	47632,57
1799,00	47687,88
1800,00	47343,46
1801,00	47566,48
1802,00	47366,43
1803,00	46901,28
1804,00	46873,10
1805,00	46867,88
1806,00	46607,76
1807,00	46529,25
1808,00	46980,98
1809,00	46434,39
1810,00	46775,45
1811,00	46103,65
1812,00	46017,40
1813,00	45860,01
1814,00	45834,37
1815,00	45598,78
1816,00	45857,12
1817,00	45483,81
1818,00	45588,25
1819,00	45254,07
1820,00	44866,60
1821,00	44918,61
1822,00	44969,28
1823,00	44592,75
1824,00	44308,35
1825,00	43765,90
1826,00	43829,52
1827,00	43395,70
1828,00	43549,69
1829,00	43615,45
1830,00	43072,33
1831,00	43083,74
1832,00	43023,48
1833,00	43065,51
1834,00	42810,43
1835,00	42878,67
1836,00	42558,07
1837,00	42567,25
1838,00	42103,30
1839,00	42037,43
1840,00	42046,00
1841,00	41931,01
1842,00	41675,16
1843,00	41245,41
1844,00	41479,62
1845,00	40993,68
1846,00	41079,24
1847,00	40832,48
1848,00	40718,22
1849,00	40757,52
1850,00	40367,13
1851,00	40001,42
1852,00	39938,47
1853,00	39475,49
1854,00	39493,71
1855,00	39521,06
1856,00	39384,34
1857,00	39069,61
1858,00	38769,74
1859,00	38523,73
1860,00	38834,55
1861,00	38224,98
1862,00	38308,43
1863,00	37968,04
1864,00	38172,69
1865,00	37981,43
1866,00	37654,81
1867,00	37605,82
1868,00	37200,41
1869,00	37046,81
1870,00	37065,69
1871,00	36921,07
1872,00	36413,84
1873,00	36275,66
1874,00	35798,70
1875,00	36282,32
1876,00	35808,67
1877,00	35952,50
1878,00	35725,95
1879,00	35151,51
1880,00	35057,73
1881,00	34915,98
1882,00	34919,65
1883,00	34698,10
1884,00	34728,56
1885,00	34298,45
1886,00	33946,86
1887,00	34012,54
1888,00	33797,66
1889,00	33573,03
1890,00	33304,78
1891,00	33330,68
1892,00	33205,17
1893,00	32750,50
1894,00	32711,39
1895,00	32456,28
1896,00	32181,96
1897,00	32400,36
1898,00	31863,62
1899,00	31964,66
1900,00	31837,33
1901,00	31657,73
1902,00	31707,77
1903,00	31163,26
1904,00	31094,92
1905,00	31098,42
1906,00	30759,36
1907,00	30451,64
1908,00	30568,17
1909,00	30272,83
1910,00	29824,41
1911,00	29893,85
1912,00	29608,84
1913,00	29384,80
1914,00	29293,67
1915,00	29208,26
1916,00	28701,73
1917,00	28638,85
1918,00	28855,16
1919,00	28400,72
1920,00	28297,79
1921,00	27969,96
1922,00	27704,30
1923,00	27684,50
1924,00	27654,04
1925,00	27434,62
1926,00	27267,66
1927,00	26958,37
1928,00	26915,41
1929,00	26705,33
1930,00	26777,27
1931,00	26491,98
1932,00	26264,81
1933,00	26332,37
1934,00	25874,05
1935,00	25677,77
1936,00	25694,13
1937,00	25428,45
1938,00	25135,68
1939,00	25243,56
1940,00	25004,24
1941,00	24879,11
1942,00	24620,20
1943,00	24637,97
1944,00	24247,06
1945,00	24246,60
1946,00	24095,52
1947,00	23741,22
1948,00	23792,52
1949,00	23691,35
1950,00	23387,57
1951,00	23200,20
1952,00	23224,85
1953,00	22900,74
1954,00	22902,97
1955,00	22703,48
1956,00	22419,32
1957,00	22313,73
1958,00	22059,02
1959,00	22023,64
1960,00	21821,82
1961,00	21745,64
1962,00	21575,72
1963,00	21434,03
1964,00	21322,79
1965,00	21277,54
1966,00	20866,27
1967,00	20857,93
1968,00	20652,05
1969,00	20555,39
1970,00	20452,06
1971,00	20265,37
1972,00	20092,42
1973,00	19992,66
1974,00	19960,27
1975,00	19868,29
1976,00	19582,32
1977,00	19344,77
1978,00	19030,95
1979,00	19149,01
1980,00	18888,34
1981,00	18680,91
1982,00	18627,25
1983,00	18449,13
1984,00	18402,47
1985,00	18211,11
1986,00	18004,64
1987,00	17986,18
1988,00	17905,35
1989,00	17619,19
1990,00	17542,18
1991,00	17567,20
1992,00	17218,98
1993,00	17165,64
1994,00	16934,36
1995,00	17016,38
1996,00	16818,95
1997,00	16521,54
1998,00	16538,12
1999,00	16304,48
2000,00	16225,60
2001,00	16122,33
2002,00	16058,23
2003,00	15724,72
2004,00	15620,98
2005,00	15554,16
2006,00	15421,59
2007,00	15308,76
2008,00	15204,74
2009,00	15180,41
2010,00	15029,72
2011,00	14871,31
2012,00	14754,30
2013,00	14562,31
2014,00	14571,45
2015,00	14329,28
2016,00	14298,31
2017,00	14156,12
2018,00	14072,32
2019,00	13950,50
2020,00	13873,89
2021,00	13727,03
2022,00	13586,98
2023,00	13552,02
2024,00	13386,67
2025,00	13313,12
2026,00	13073,84
2027,00	12967,74
2028,00	12948,82
2029,00	12733,62
2030,00	12688,04
2031,00	12559,08
2032,00	12413,70
2033,00	12365,20
2034,00	12312,74
2035,00	12157,02
2036,00	12049,38
2037,00	11927,71
2038,00	11849,13
2039,00	11743,78
2040,00	11650,62
2041,00	11546,85
2042,00	11439,26
2043,00	11356,84
2044,00	11185,54
2045,00	11101,13
2046,00	11101,13
2047,00	11101,13
