0,00	866,02
1,00	866,02
2,00	866,02
3,00	836,95
4,00	836,23
5,00	839,19
6,00	843,67
7,00	852,10
8,00	861,75
9,00	873,80
10,00	887,99
11,00	903,20
12,00	918,45
13,00	936,31
14,00	952,24
15,00	968,33
16,00	986,17
17,00	1003,99
18,00	1020,79
19,00	1036,95
20,00	1052,36
21,00	1066,73
22,00	1081,60
23,00	1122,76
24,00	1204,58
25,00	1222,26
26,00	1236,03
27,00	1248,95
28,00	1259,29
29,00	1270,51
30,00	1279,92
31,00	1289,25
32,00	1297,97
33,00	1303,70
34,00	1309,70
35,00	1316,88
36,00	1321,52
37,00	1326,29
38,00	1329,96
39,00	1335,87
40,00	1337,47
41,00	1341,18
42,00	1343,48
43,00	1346,69
44,00	1349,07
45,00	1350,55
46,00	1354,65
47,00	1357,13
48,00	1359,09
49,00	1360,94
50,00	1364,46
51,00	1366,18
52,00	1370,76
53,00	1374,10
54,00	1376,44
55,00	1382,36
56,00	1385,59
57,00	1389,41
58,00	1394,39
59,00	1401,03
60,00	1404,71
61,00	1409,98
62,00	1421,77
63,00	1426,33
64,00	1430,42
65,00	1439,90
66,00	1449,55
67,00	1458,03
68,00	1467,06
69,00	1476,20
70,00	1490,62
71,00	1500,71
72,00	1511,77
73,00	1519,56
74,00	1535,83
75,00	1544,87
76,00	1560,22
77,00	1573,48
78,00	1589,09
79,00	1603,15
80,00	1616,15
81,00	1636,07
82,00	1647,22
83,00	1668,50
84,00	1690,81
85,00	1705,04
86,00	1733,49
87,00	1748,83
88,00	1768,83
89,00	1790,33
90,00	1810,09
91,00	1838,69
92,00	1860,38
93,00	1894,10
94,00	1912,93
95,00	1939,87
96,00	1956,71
97,00	1995,83
98,00	2020,77
99,00	2049,86
100,00	2079,73
101,00	2120,72
102,00	2155,60
103,00	2191,76
104,00	2233,37
105,00	2249,17
106,00	2303,73
107,00	2332,17
108,00	2378,25
109,00	2403,31
110,00	2461,03
111,00	2514,39
112,00	2539,52
113,00	2598,85
114,00	2640,01
115,00	2704,39
116,00	2734,07
117,00	2799,70
118,00	2878,48
119,00	2892,32
120,00	2958,31
121,00	3041,68
122,00	3066,64
123,00	3124,63
124,00	3213,06
125,00	3268,53
126,00	3338,95
127,00	3430,03
128,00	3453,84
129,00	3577,49
130,00	3609,15
131,00	3692,62
132,00	3783,61
133,00	3855,91
134,00	3920,56
135,00	4006,04
136,00	4127,00
137,00	4211,76
138,00	4311,01
139,00	4408,31
140,00	4497,04
141,00	4607,41
142,00	4672,87
143,00	4762,24
144,00	4884,51
145,00	4971,64
146,00	5143,02
147,00	5224,64
148,00	5270,47
149,00	5512,50
150,00	5565,77
151,00	5750,94
152,00	5787,66
153,00	5855,91
154,00	6079,25
155,00	6208,84
156,00	6220,16
157,00	6485,64
158,00	6543,93
159,00	6779,10
160,00	6894,32
161,00	7023,82
162,00	7130,38
163,00	7270,88
164,00	7551,92
165,00	7585,98
166,00	7807,79
167,00	7948,33
168,00	8157,17
169,00	8284,52
170,00	8460,74
171,00	8607,77
172,00	8760,62
173,00	8988,41
174,00	9230,70
175,00	9404,57
176,00	9691,91
177,00	9807,06
178,00	9977,84
179,00	10177,22
180,00	10296,36
181,00	10664,91
182,00	10851,13
183,00	11038,60
184,00	11253,22
185,00	11408,57
186,00	11788,71
187,00	11887,54
188,00	12227,59
189,00	12421,37
190,00	12721,03
191,00	12891,34
192,00	13246,97
193,00	13533,87
194,00	13789,13
195,00	13962,25
196,00	14329,81
197,00	14598,73
198,00	14836,82
199,00	15105,31
200,00	15396,22
201,00	16026,68
202,00	16008,19
203,00	16232,04
204,00	16674,27
205,00	17060,26
206,00	17274,86
207,00	17751,01
208,00	18011,59
209,00	18416,32
210,00	18806,84
211,00	19128,40
212,00	19464,86
213,00	19637,34
214,00	20142,97
215,00	20435,33
216,00	20804,36
217,00	21243,54
218,00	21598,68
219,00	21971,83
220,00	22459,64
221,00	22763,99
222,00	23127,44
223,00	23590,99
224,00	24026,04
225,00	24416,09
226,00	25111,14
227,00	25089,91
228,00	25871,08
229,00	25914,94
230,00	26447,49
231,00	26804,38
232,00	27489,93
233,00	28076,73
234,00	28178,14
235,00	28915,08
236,00	29229,91
237,00	29700,87
238,00	30323,86
239,00	30726,29
240,00	31486,28
241,00	31418,72
242,00	32533,22
243,00	32478,78
244,00	33307,11
245,00	33626,09
246,00	34382,65
247,00	34961,45
248,00	34991,73
249,00	36270,79
250,00	36225,19
251,00	36873,01
252,00	37115,57
253,00	37908,57
254,00	39221,85
255,00	38874,81
256,00	40275,45
257,00	40712,31
258,00	41146,82
259,00	41430,50
260,00	42285,19
261,00	42381,59
262,00	43088,01
263,00	44284,80
264,00	44730,08
265,00	44840,99
266,00	45716,35
267,00	45688,26
268,00	46989,15
269,00	47488,83
270,00	47519,54
271,00	48383,16
272,00	48992,21
273,00	49790,60
274,00	50324,25
275,00	50043,85
276,00	50838,62
277,00	51438,99
278,00	51353,71
279,00	52391,89
280,00	53214,06
281,00	53034,43
282,00	53960,30
283,00	53808,78
284,00	54694,26
285,00	55383,79
286,00	55094,21
287,00	55429,55
288,00	55996,10
289,00	55623,78
290,00	56071,91
291,00	56428,55
292,00	57145,07
293,00	56377,73
294,00	56690,16
295,00	56708,66
296,00	57197,05
297,00	56344,31
298,00	57633,22
299,00	57002,21
300,00	57444,28
301,00	57272,01
302,00	57416,19
303,00	57844,84
304,00	57108,61
305,00	57191,17
306,00	57209,99
307,00	57372,54
308,00	57488,63
309,00	56989,52
310,00	56537,77
311,00	56412,20
312,00	56465,22
313,00	56167,91
314,00	56105,04
315,00	56052,79
316,00	55513,18
317,00	55043,64
318,00	55067,75
319,00	53962,20
320,00	54263,17
321,00	53922,81
322,00	53152,74
323,00	52940,20
324,00	51933,94
325,00	51393,25
326,00	51076,49
327,00	50448,10
328,00	50316,93
329,00	49853,62
330,00	48936,73
331,00	47989,97
332,00	47343,65
333,00	46834,05
334,00	46096,13
335,00	45747,46
336,00	44815,71
337,00	44443,23
338,00	44245,19
339,00	43125,84
340,00	42601,40
341,00	42121,57
342,00	41179,54
343,00	40654,84
344,00	39916,24
345,00	39596,17
346,00	38676,30
347,00	38402,47
348,00	37436,17
349,00	37403,88
350,00	36461,93
351,00	36539,47
352,00	35744,12
353,00	35027,75
354,00	34873,16
355,00	34364,00
356,00	34012,37
357,00	33479,76
358,00	33198,89
359,00	32423,21
360,00	32373,51
361,00	32049,63
362,00	31790,13
363,00	30915,48
364,00	31191,09
365,00	30886,09
366,00	30370,64
367,00	29993,65
368,00	30071,18
369,00	29766,27
370,00	29245,25
371,00	29269,65
372,00	28862,22
373,00	28863,53
374,00	28455,02
375,00	28280,38
376,00	28117,79
377,00	27725,39
378,00	27665,04
379,00	27063,01
380,00	27122,28
381,00	27013,53
382,00	26703,58
383,00	26493,62
384,00	25891,51
385,00	26010,77
386,00	25844,03
387,00	25479,27
388,00	25273,61
389,00	25114,44
390,00	24837,98
391,00	24605,44
392,00	24480,36
393,00	24197,40
394,00	23713,30
395,00	23756,05
396,00	23648,01
397,00	23357,67
398,00	22992,96
399,00	22970,18
400,00	22727,76
401,00	22480,98
402,00	22390,91
403,00	22265,01
404,00	22014,22
405,00	21835,66
406,00	21655,58
407,00	21325,30
408,00	21215,38
409,00	21008,81
410,00	20850,35
411,00	20575,82
412,00	20514,74
413,00	20178,79
414,00	20003,49
415,00	19829,93
416,00	19700,00
417,00	19548,69
418,00	19332,04
419,00	19081,93
420,00	18815,78
421,00	18633,49
422,00	18653,16
423,00	18443,81
424,00	18183,76
425,00	18064,35
426,00	17897,68
427,00	17635,11
428,00	17522,38
429,00	17352,02
430,00	17195,67
431,00	16996,88
432,00	16716,90
433,00	16714,45
434,00	16537,14
435,00	16341,72
436,00	16205,97
437,00	16106,30
438,00	15913,26
439,00	15807,33
440,00	15678,68
441,00	15598,94
442,00	15379,93
443,00	15361,38
444,00	15107,52
445,00	15021,63
446,00	14950,40
447,00	14784,59
448,00	14694,25
449,00	14637,29
450,00	14525,31
451,00	14377,62
452,00	14347,78
453,00	14240,81
454,00	14082,76
455,00	13983,02
456,00	13942,92
457,00	13861,55
458,00	13822,91
459,00	13713,16
460,00	13699,05
461,00	13518,77
462,00	13642,34
463,00	13587,99
464,00	13521,46
465,00	13544,16
466,00	13423,36
467,00	13387,60
468,00	13401,08
469,00	13344,89
470,00	13317,11
471,00	13240,49
472,00	13217,08
473,00	13199,93
474,00	13167,07
475,00	13175,94
476,00	13193,55
477,00	13144,03
478,00	13050,92
479,00	13093,00
480,00	13093,75
481,00	13121,52
482,00	13053,36
483,00	13070,78
484,00	13032,95
485,00	13028,38
486,00	13015,23
487,00	13032,78
488,00	12996,77
489,00	13023,30
490,00	12981,71
491,00	12960,14
492,00	12939,63
493,00	13001,16
494,00	12982,92
495,00	13004,63
496,00	12960,96
497,00	13051,00
498,00	13044,63
499,00	13074,27
500,00	13039,88
501,00	13015,00
502,00	13113,95
503,00	13127,59
504,00	13163,76
505,00	13157,13
506,00	13127,33
507,00	13227,03
508,00	13177,03
509,00	13244,04
510,00	13169,03
511,00	13295,84
512,00	13363,81
513,00	13286,86
514,00	13333,50
515,00	13382,64
516,00	13480,72
517,00	13418,92
518,00	13561,30
519,00	13578,95
520,00	13575,24
521,00	13587,32
522,00	13785,60
523,00	13820,40
524,00	13826,57
525,00	13873,40
526,00	14036,36
527,00	13970,89
528,00	13941,48
529,00	14114,77
530,00	14248,22
531,00	14342,35
532,00	14450,37
533,00	14502,10
534,00	14547,17
535,00	14517,05
536,00	14703,56
537,00	14747,57
538,00	14823,86
539,00	14960,00
540,00	15056,36
541,00	15243,88
542,00	15331,81
543,00	15452,13
544,00	15559,97
545,00	15608,74
546,00	15729,22
547,00	15937,62
548,00	16023,46
549,00	16193,09
550,00	16289,47
551,00	16383,23
552,00	16521,70
553,00	16576,79
554,00	16770,15
555,00	17140,54
556,00	17149,28
557,00	17312,15
558,00	17386,50
559,00	17693,27
560,00	17913,33
561,00	18013,66
562,00	18217,39
563,00	18337,65
564,00	18389,97
565,00	18603,06
566,00	18846,25
567,00	19018,47
568,00	19194,36
569,00	19464,38
570,00	19487,88
571,00	19667,16
572,00	19997,25
573,00	20178,20
574,00	20486,28
575,00	20534,81
576,00	20846,35
577,00	20849,26
578,00	21238,25
579,00	21455,32
580,00	21650,89
581,00	21944,07
582,00	22025,06
583,00	22423,15
584,00	22591,56
585,00	22855,22
586,00	23135,29
587,00	23235,37
588,00	23572,21
589,00	23774,81
590,00	24205,45
591,00	24184,11
592,00	24500,80
593,00	24757,61
594,00	24961,24
595,00	25418,15
596,00	25470,22
597,00	25955,28
598,00	26138,01
599,00	26402,95
600,00	26602,26
601,00	26816,63
602,00	27050,05
603,00	27474,77
604,00	27715,65
605,00	27951,69
606,00	28257,83
607,00	28496,53
608,00	28990,81
609,00	29217,72
610,00	29353,46
611,00	29783,63
612,00	30056,13
613,00	30133,05
614,00	30585,19
615,00	31081,55
616,00	31269,81
617,00	31432,12
618,00	31659,61
619,00	32127,52
620,00	32326,79
621,00	32571,25
622,00	33114,62
623,00	33069,75
624,00	33792,31
625,00	34006,94
626,00	34267,49
627,00	34503,87
628,00	34762,73
629,00	35321,62
630,00	35367,06
631,00	36056,88
632,00	35944,42
633,00	36220,20
634,00	36686,01
635,00	37033,37
636,00	37441,45
637,00	37586,43
638,00	37611,38
639,00	38085,65
640,00	38585,31
641,00	38896,65
642,00	39173,40
643,00	39338,87
644,00	39507,17
645,00	39808,44
646,00	40410,87
647,00	40858,34
648,00	41263,54
649,00	41279,15
650,00	41171,19
651,00	41847,59
652,00	42293,84
653,00	42786,01
654,00	42990,79
655,00	43236,28
656,00	43410,21
657,00	43707,51
658,00	44328,76
659,00	44827,62
660,00	45216,43
661,00	45321,53
662,00	45549,23
663,00	45131,49
664,00	45607,80
665,00	45817,79
666,00	46236,28
667,00	46684,78
668,00	47220,84
669,00	47082,96
670,00	46647,54
671,00	47079,02
672,00	47547,49
673,00	47866,99
674,00	48691,28
675,00	48906,38
676,00	49073,08
677,00	48802,54
678,00	48371,33
679,00	49056,35
680,00	49679,71
681,00	50228,99
682,00	50486,19
683,00	50917,48
684,00	51031,14
685,00	50589,82
686,00	50514,21
687,00	50948,17
688,00	51379,55
689,00	51925,03
690,00	52583,40
691,00	52530,29
692,00	52802,66
693,00	52173,77
694,00	51786,69
695,00	52240,01
696,00	52610,94
697,00	53227,73
698,00	53796,84
699,00	53928,69
700,00	54179,98
701,00	54107,83
702,00	53532,38
703,00	53607,42
704,00	53860,41
705,00	54247,76
706,00	54855,07
707,00	55255,39
708,00	55444,15
709,00	55830,44
710,00	55464,82
711,00	54724,40
712,00	54632,69
713,00	54946,05
714,00	55775,69
715,00	56042,24
716,00	56175,33
717,00	56587,87
718,00	56695,33
719,00	56799,17
720,00	56197,67
721,00	55721,02
722,00	56034,05
723,00	56190,39
724,00	56819,06
725,00	57069,47
726,00	57498,85
727,00	57808,39
728,00	57675,28
729,00	57969,81
730,00	56751,28
731,00	56524,56
732,00	56911,70
733,00	57361,50
734,00	57447,88
735,00	58257,90
736,00	58439,59
737,00	58500,91
738,00	58648,75
739,00	58302,88
740,00	58115,34
741,00	57442,02
742,00	57711,96
743,00	57964,52
744,00	58533,34
745,00	58746,56
746,00	58949,94
747,00	59292,57
748,00	59345,13
749,00	59551,37
750,00	59386,49
751,00	58757,57
752,00	58286,34
753,00	58469,54
754,00	59067,59
755,00	59246,18
756,00	59246,83
757,00	59807,11
758,00	60030,13
759,00	60441,56
760,00	60160,88
761,00	60184,49
762,00	59601,52
763,00	58912,66
764,00	59096,71
765,00	59528,26
766,00	59670,77
767,00	60033,42
768,00	60206,60
769,00	60538,47
770,00	60812,11
771,00	60720,07
772,00	60694,41
773,00	60755,34
774,00	59775,87
775,00	59517,40
776,00	59844,42
777,00	60425,24
778,00	60654,17
779,00	60797,69
780,00	60899,46
781,00	61194,20
782,00	61240,51
783,00	61146,52
784,00	61325,76
785,00	60910,68
786,00	60327,11
787,00	60130,63
788,00	60350,73
789,00	60899,64
790,00	60808,49
791,00	61009,66
792,00	61215,77
793,00	61506,23
794,00	61708,98
795,00	61941,10
796,00	61823,89
797,00	61899,54
798,00	61133,03
799,00	60563,46
800,00	60275,68
801,00	60839,61
802,00	60928,89
803,00	61282,09
804,00	61513,72
805,00	61758,94
806,00	61997,34
807,00	62307,08
808,00	62407,69
809,00	62363,87
810,00	62365,12
811,00	61574,58
812,00	60883,57
813,00	60835,09
814,00	61007,31
815,00	61276,51
816,00	61479,70
817,00	61798,92
818,00	62175,15
819,00	62210,68
820,00	62353,11
821,00	62604,28
822,00	62282,65
823,00	62478,03
824,00	62152,39
825,00	61259,13
826,00	60920,33
827,00	61169,76
828,00	61450,37
829,00	61757,34
830,00	62193,91
831,00	62252,48
832,00	62574,69
833,00	62748,05
834,00	62852,94
835,00	62771,60
836,00	62666,46
837,00	62552,00
838,00	62437,62
839,00	61605,73
840,00	61479,44
841,00	61478,47
842,00	61738,15
843,00	62205,72
844,00	62276,62
845,00	62719,72
846,00	62835,35
847,00	63150,72
848,00	63045,99
849,00	63028,00
850,00	62825,50
851,00	62892,20
852,00	62936,07
853,00	62588,90
854,00	61847,85
855,00	61731,51
856,00	62041,53
857,00	62403,07
858,00	62596,03
859,00	62972,99
860,00	63100,36
861,00	63149,56
862,00	63186,09
863,00	63092,25
864,00	62992,65
865,00	63053,06
866,00	63219,57
867,00	63217,54
868,00	62785,99
869,00	62212,65
870,00	62062,40
871,00	62408,68
872,00	62480,90
873,00	62820,96
874,00	62878,90
875,00	63134,71
876,00	63287,54
877,00	63160,54
878,00	62983,12
879,00	62974,04
880,00	63257,13
881,00	63249,68
882,00	63422,63
883,00	63466,41
884,00	63057,67
885,00	62701,86
886,00	62831,58
887,00	63192,04
888,00	63006,56
889,00	63126,45
890,00	63278,48
891,00	63406,70
892,00	63260,90
893,00	62952,99
894,00	63097,82
895,00	63124,28
896,00	63269,19
897,00	63404,82
898,00	63528,45
899,00	63481,63
900,00	63073,95
901,00	62600,52
902,00	62474,36
903,00	62532,23
904,00	62847,57
905,00	63056,71
906,00	63121,58
907,00	63249,26
908,00	62865,80
909,00	62757,85
910,00	62899,89
911,00	63043,06
912,00	63191,36
913,00	63403,99
914,00	63322,63
915,00	63502,99
916,00	63358,26
917,00	63095,61
918,00	62535,34
919,00	62516,34
920,00	62694,48
921,00	62862,13
922,00	62917,66
923,00	63004,50
924,00	62772,42
925,00	62572,92
926,00	62841,69
927,00	62832,92
928,00	63057,40
929,00	63197,17
930,00	63441,59
931,00	63407,08
932,00	63525,05
933,00	63584,55
934,00	63324,13
935,00	62698,36
936,00	62636,10
937,00	62703,61
938,00	62612,04
939,00	62702,11
940,00	62666,07
941,00	62250,29
942,00	61994,98
943,00	62027,71
944,00	62311,86
945,00	62298,38
946,00	62746,18
947,00	62674,07
948,00	62969,65
949,00	62966,22
950,00	63077,19
951,00	63017,08
952,00	62855,28
953,00	62374,82
954,00	62328,70
955,00	62230,22
956,00	62259,46
957,00	62071,05
958,00	61724,63
959,00	61442,13
960,00	61508,94
961,00	61556,53
962,00	61797,79
963,00	61927,40
964,00	62158,54
965,00	62228,81
966,00	62272,76
967,00	62401,33
968,00	62653,94
969,00	62591,43
970,00	62579,96
971,00	62179,57
972,00	61813,04
973,00	61868,92
974,00	61603,45
975,00	61586,13
976,00	61154,77
977,00	60801,19
978,00	60891,86
979,00	60953,91
980,00	61032,72
981,00	61323,58
982,00	61470,10
983,00	61421,29
984,00	61696,34
985,00	61734,32
986,00	61871,13
987,00	61859,91
988,00	62028,11
989,00	62021,46
990,00	61563,20
991,00	61423,47
992,00	61260,34
993,00	61111,47
994,00	60606,30
995,00	60325,13
996,00	60052,20
997,00	59989,99
998,00	60407,10
999,00	60374,05
1000,00	60291,16
1001,00	60561,28
1002,00	60710,85
1003,00	60881,47
1004,00	60980,78
1005,00	61109,91
1006,00	61105,48
1007,00	61237,45
1008,00	61081,72
1009,00	61143,15
1010,00	60975,16
1011,00	60622,54
1012,00	60477,46
1013,00	60308,89
1014,00	59725,26
1015,00	59555,21
1016,00	59296,79
1017,00	59456,63
1018,00	59631,53
1019,00	59458,72
1020,00	59655,44
1021,00	59739,22
1022,00	60007,65
1023,00	59946,29
1024,00	60166,97
1025,00	60157,59
1026,00	60338,59
1027,00	60307,42
1028,00	60284,07
1029,00	60354,17
1030,00	60158,03
1031,00	59994,13
1032,00	59787,92
1033,00	59420,60
1034,00	58787,24
1035,00	58442,48
1036,00	58386,19
1037,00	58486,59
1038,00	58372,05
1039,00	58393,89
1040,00	58590,39
1041,00	58835,53
1042,00	58980,78
1043,00	59041,59
1044,00	59047,41
1045,00	59355,11
1046,00	59490,11
1047,00	59164,43
1048,00	59464,75
1049,00	59658,59
1050,00	59421,47
1051,00	59236,47
1052,00	59123,71
1053,00	59025,95
1054,00	58472,12
1055,00	58051,99
1056,00	57735,14
1057,00	57492,81
1058,00	57357,87
1059,00	57523,33
1060,00	57540,62
1061,00	57343,40
1062,00	57683,42
1063,00	58044,45
1064,00	58264,71
1065,00	58260,94
1066,00	58139,46
1067,00	58473,19
1068,00	58352,37
1069,00	58534,00
1070,00	58150,39
1071,00	58206,47
1072,00	58422,96
1073,00	58041,27
1074,00	58074,52
1075,00	57661,44
1076,00	57095,74
1077,00	56930,24
1078,00	56653,58
1079,00	56215,41
1080,00	56452,29
1081,00	56679,29
1082,00	56545,99
1083,00	56620,32
1084,00	56729,81
1085,00	56714,15
1086,00	57056,30
1087,00	56971,83
1088,00	56951,33
1089,00	57259,24
1090,00	57115,67
1091,00	57288,79
1092,00	57507,34
1093,00	57238,74
1094,00	57149,39
1095,00	57176,93
1096,00	57084,33
1097,00	56563,20
1098,00	56056,46
1099,00	55691,41
1100,00	55187,24
1101,00	54948,78
1102,00	55073,56
1103,00	55286,19
1104,00	55195,04
1105,00	55251,16
1106,00	55436,59
1107,00	55534,06
1108,00	55586,62
1109,00	55635,67
1110,00	55727,41
1111,00	55810,46
1112,00	55786,29
1113,00	55932,46
1114,00	55775,28
1115,00	55739,86
1116,00	55778,99
1117,00	55712,40
1118,00	55648,93
1119,00	55180,30
1120,00	55109,07
1121,00	54372,59
1122,00	53963,01
1123,00	53549,92
1124,00	53897,14
1125,00	53697,03
1126,00	53892,61
1127,00	53749,76
1128,00	53871,67
1129,00	53914,29
1130,00	53990,85
1131,00	54072,18
1132,00	54215,04
1133,00	54074,13
1134,00	54017,37
1135,00	54282,11
1136,00	54017,27
1137,00	54307,59
1138,00	54020,17
1139,00	54100,13
1140,00	54087,21
1141,00	53985,81
1142,00	53589,31
1143,00	53244,20
1144,00	52631,65
1145,00	52110,17
1146,00	51842,41
1147,00	51556,77
1148,00	51742,27
1149,00	51748,60
1150,00	51809,33
1151,00	51869,74
1152,00	51924,35
1153,00	51961,00
1154,00	52012,49
1155,00	52035,36
1156,00	52114,14
1157,00	52026,59
1158,00	51892,34
1159,00	51985,51
1160,00	52197,82
1161,00	51915,06
1162,00	51948,60
1163,00	51941,66
1164,00	51700,36
1165,00	51550,39
1166,00	51352,45
1167,00	50878,00
1168,00	50243,65
1169,00	50002,11
1170,00	49446,52
1171,00	49648,55
1172,00	49383,38
1173,00	49619,98
1174,00	49561,77
1175,00	49588,23
1176,00	49461,29
1177,00	49407,51
1178,00	49623,42
1179,00	49599,66
1180,00	49655,87
1181,00	49449,15
1182,00	49424,12
1183,00	49480,21
1184,00	49477,16
1185,00	49459,76
1186,00	49323,18
1187,00	49205,55
1188,00	49177,69
1189,00	48791,19
1190,00	49069,88
1191,00	48337,79
1192,00	47917,32
1193,00	47183,42
1194,00	47236,66
1195,00	46783,37
1196,00	47080,91
1197,00	46830,96
1198,00	47006,84
1199,00	46809,47
1200,00	46797,86
1201,00	46742,34
1202,00	46775,96
1203,00	46596,22
1204,00	46900,09
1205,00	46757,03
1206,00	46641,10
1207,00	46541,60
1208,00	46483,46
1209,00	46334,80
1210,00	46548,99
1211,00	46231,91
1212,00	46148,07
1213,00	46052,07
1214,00	46000,45
1215,00	45697,01
1216,00	45177,11
1217,00	44875,84
1218,00	44495,96
1219,00	44196,11
1220,00	44127,71
1221,00	43812,40
1222,00	43916,39
1223,00	43902,60
1224,00	43802,08
1225,00	43814,01
1226,00	43608,92
1227,00	43688,80
1228,00	43542,20
1229,00	43563,73
1230,00	43406,53
1231,00	43395,47
1232,00	43190,00
1233,00	43322,93
1234,00	43111,71
1235,00	43089,49
1236,00	42922,27
1237,00	42748,55
1238,00	42739,69
1239,00	42433,17
1240,00	42231,06
1241,00	41994,46
1242,00	41671,93
1243,00	41304,49
1244,00	40971,75
1245,00	40782,04
1246,00	40649,39
1247,00	40744,74
1248,00	40550,71
1249,00	40371,39
1250,00	40378,73
1251,00	40387,17
1252,00	40228,06
1253,00	40182,91
1254,00	40112,36
1255,00	40121,43
1256,00	39978,64
1257,00	39904,65
1258,00	39665,49
1259,00	39531,15
1260,00	39670,85
1261,00	39390,05
1262,00	39258,28
1263,00	39095,43
1264,00	38928,82
1265,00	38940,71
1266,00	38618,71
1267,00	38303,58
1268,00	38149,78
1269,00	37904,36
1270,00	37629,52
1271,00	37339,81
1272,00	37328,14
1273,00	37286,01
1274,00	37036,31
1275,00	37001,67
1276,00	36895,34
1277,00	36656,77
1278,00	36854,02
1279,00	36519,51
1280,00	36683,96
1281,00	36352,39
1282,00	36330,51
1283,00	36250,61
1284,00	36152,42
1285,00	35884,03
1286,00	35989,81
1287,00	35661,05
1288,00	35745,96
1289,00	35561,44
1290,00	35416,36
1291,00	35244,80
1292,00	35118,79
1293,00	34917,06
1294,00	34623,58
1295,00	34353,65
1296,00	34319,74
1297,00	34038,86
1298,00	33906,51
1299,00	33655,38
1300,00	33687,32
1301,00	33656,58
1302,00	33426,64
1303,00	33482,15
1304,00	33335,88
1305,00	33088,89
1306,00	32976,01
1307,00	33142,86
1308,00	32946,45
1309,00	32714,21
1310,00	32685,49
1311,00	32637,27
1312,00	32493,03
1313,00	32419,27
1314,00	32212,43
1315,00	32192,29
1316,00	31974,10
1317,00	31804,90
1318,00	31648,63
1319,00	31604,41
1320,00	31453,12
1321,00	31253,67
1322,00	30971,40
1323,00	30807,19
1324,00	30735,41
1325,00	30546,39
1326,00	30609,10
1327,00	30345,05
1328,00	30309,25
1329,00	30151,64
1330,00	30115,81
1331,00	29849,76
1332,00	29959,78
1333,00	29866,23
1334,00	29697,19
1335,00	29552,63
1336,00	29644,71
1337,00	29419,72
1338,00	29317,61
1339,00	29415,18
1340,00	29318,63
1341,00	28890,56
1342,00	29039,27
1343,00	28785,19
1344,00	28522,56
1345,00	28560,15
1346,00	28479,31
1347,00	28424,90
1348,00	28144,87
1349,00	27940,14
1350,00	27833,46
1351,00	27626,33
1352,00	27357,02
1353,00	27602,56
1354,00	27344,54
1355,00	27287,20
1356,00	27279,06
1357,00	27024,79
1358,00	26871,13
1359,00	26663,62
1360,00	26893,70
1361,00	26611,65
1362,00	26696,89
1363,00	26550,47
1364,00	26448,66
1365,00	26502,53
1366,00	26067,58
1367,00	26276,04
1368,00	26121,52
1369,00	26029,18
1370,00	25959,23
1371,00	25802,65
1372,00	25879,92
1373,00	25602,00
1374,00	25518,77
1375,00	25314,94
1376,00	25236,96
1377,00	25283,43
1378,00	24991,29
1379,00	24923,96
1380,00	24871,06
1381,00	24665,95
1382,00	24638,88
1383,00	24553,80
1384,00	24558,36
1385,00	24351,43
1386,00	24111,76
1387,00	24289,25
1388,00	24159,46
1389,00	23969,00
1390,00	23799,40
1391,00	23667,81
1392,00	23740,17
1393,00	23738,19
1394,00	23662,01
1395,00	23568,94
1396,00	23439,88
1397,00	23343,84
1398,00	23442,36
1399,00	23181,97
1400,00	23081,77
1401,00	23319,26
1402,00	22981,87
1403,00	22810,27
1404,00	22674,65
1405,00	22763,70
1406,00	22543,80
1407,00	22427,65
1408,00	22412,37
1409,00	22275,92
1410,00	22145,61
1411,00	22069,40
1412,00	21981,78
1413,00	21929,19
1414,00	21870,31
1415,00	21665,03
1416,00	21598,99
1417,00	21657,53
1418,00	21450,47
1419,00	21429,09
1420,00	21310,77
1421,00	21407,93
1422,00	21113,40
1423,00	21090,57
1424,00	21060,26
1425,00	20822,39
1426,00	20883,02
1427,00	20818,21
1428,00	20736,54
1429,00	20735,82
1430,00	20548,92
1431,00	20474,68
1432,00	20400,74
1433,00	20390,80
1434,00	20335,80
1435,00	20183,65
1436,00	20128,82
1437,00	20060,08
1438,00	19927,27
1439,00	19847,10
1440,00	19763,19
1441,00	19600,62
1442,00	19647,28
1443,00	19505,36
1444,00	19435,31
1445,00	19352,23
1446,00	19389,96
1447,00	19247,56
1448,00	19210,63
1449,00	19066,71
1450,00	19049,89
1451,00	18967,41
1452,00	18915,56
1453,00	18806,17
1454,00	18739,09
1455,00	18669,81
1456,00	18696,01
1457,00	18506,28
1458,00	18495,54
1459,00	18375,27
1460,00	18224,31
1461,00	18293,89
1462,00	18107,11
1463,00	18033,77
1464,00	18080,46
1465,00	17896,11
1466,00	17888,02
1467,00	17784,49
1468,00	17781,95
1469,00	17704,36
1470,00	17540,97
1471,00	17512,35
1472,00	17480,21
1473,00	17341,79
1474,00	17317,36
1475,00	17244,02
1476,00	17163,53
1477,00	17144,96
1478,00	17065,35
1479,00	17027,88
1480,00	16959,96
1481,00	16844,67
1482,00	16792,44
1483,00	16790,14
1484,00	16706,17
1485,00	16644,55
1486,00	16603,24
1487,00	16491,52
1488,00	16463,20
1489,00	16438,23
1490,00	16301,92
1491,00	16247,30
1492,00	16124,28
1493,00	16137,75
1494,00	16059,34
1495,00	16056,53
1496,00	15884,56
1497,00	15849,46
1498,00	15745,94
1499,00	15774,76
1500,00	15607,03
1501,00	15572,39
1502,00	15502,61
1503,00	15466,17
1504,00	15354,04
1505,00	15394,01
1506,00	15354,76
1507,00	15162,85
1508,00	15226,42
1509,00	15070,86
1510,00	15032,16
1511,00	14995,69
1512,00	14869,58
1513,00	14881,94
1514,00	14818,08
1515,00	14714,65
1516,00	14682,81
1517,00	14613,08
1518,00	14648,94
1519,00	14499,22
1520,00	14498,03
1521,00	14395,80
1522,00	14349,98
1523,00	14307,19
1524,00	14239,80
1525,00	14204,67
1526,00	14099,81
1527,00	14078,41
1528,00	13986,68
1529,00	13931,27
1530,00	13936,12
1531,00	13805,63
1532,00	13790,67
1533,00	13731,36
1534,00	13633,26
1535,00	13581,68
1536,00	13514,17
1537,00	13534,63
1538,00	13464,02
1539,00	13413,91
1540,00	13385,08
1541,00	13291,01
1542,00	13246,65
1543,00	13164,33
1544,00	13143,96
1545,00	13041,73
1546,00	13014,22
1547,00	12960,70
1548,00	12938,82
1549,00	12845,70
1550,00	12802,01
1551,00	12736,28
1552,00	12664,22
1553,00	12698,16
1554,00	12613,69
1555,00	12533,59
1556,00	12494,74
1557,00	12433,56
1558,00	12394,17
1559,00	12338,81
1560,00	12277,74
1561,00	12239,82
1562,00	12190,31
1563,00	12154,49
1564,00	12038,36
1565,00	12039,01
1566,00	11961,23
1567,00	11934,32
1568,00	11848,98
1569,00	11833,55
1570,00	11792,92
1571,00	11694,60
1572,00	11677,72
1573,00	11641,47
1574,00	11586,71
1575,00	11539,86
1576,00	11464,53
1577,00	11452,17
1578,00	11392,49
1579,00	11304,98
1580,00	11309,22
1581,00	11252,39
1582,00	11199,80
1583,00	11160,14
1584,00	11090,05
1585,00	11104,35
1586,00	11035,30
1587,00	10968,50
1588,00	10906,11
1589,00	10877,77
1590,00	10794,46
1591,00	10756,10
1592,00	10742,15
1593,00	10695,40
1594,00	10642,73
1595,00	10578,71
1596,00	10517,20
1597,00	10480,37
1598,00	10410,33
1599,00	10426,83
1600,00	10347,56
1601,00	10290,07
1602,00	10251,64
1603,00	10238,94
1604,00	10171,89
1605,00	10139,85
1606,00	10101,33
1607,00	10031,27
1608,00	9986,86
1609,00	9941,50
1610,00	9908,15
1611,00	9859,57
1612,00	9830,55
1613,00	9797,95
1614,00	9723,15
1615,00	9713,34
1616,00	9667,29
1617,00	9601,85
1618,00	9566,40
1619,00	9535,77
1620,00	9492,33
1621,00	9442,39
1622,00	9388,04
1623,00	9368,58
1624,00	9301,61
1625,00	9247,22
1626,00	9245,67
1627,00	9188,80
1628,00	9131,79
1629,00	9107,83
1630,00	9082,52
1631,00	9008,26
1632,00	8986,28
1633,00	8939,29
1634,00	8919,29
1635,00	8873,03
1636,00	8850,87
1637,00	8766,19
1638,00	8752,73
1639,00	8729,82
1640,00	8666,56
1641,00	8645,75
1642,00	8590,15
1643,00	8567,88
1644,00	8496,02
1645,00	8471,39
1646,00	8442,49
1647,00	8415,25
1648,00	8352,29
1649,00	8318,41
1650,00	8276,75
1651,00	8244,70
1652,00	8209,97
1653,00	8171,37
1654,00	8157,03
1655,00	8139,04
1656,00	8063,17
1657,00	8029,97
1658,00	7991,79
1659,00	7976,42
1660,00	7930,79
1661,00	7903,38
1662,00	7850,41
1663,00	7826,03
1664,00	7811,79
1665,00	7743,02
1666,00	7725,77
1667,00	7697,75
1668,00	7647,30
1669,00	7626,36
1670,00	7577,30
1671,00	7531,97
1672,00	7517,68
1673,00	7465,47
1674,00	7463,52
1675,00	7413,12
1676,00	7393,34
1677,00	7351,02
1678,00	7327,85
1679,00	7301,47
1680,00	7253,74
1681,00	7240,20
1682,00	7229,28
1683,00	7143,05
1684,00	7115,35
1685,00	7096,98
1686,00	7076,39
1687,00	7029,05
1688,00	6973,13
1689,00	6980,14
1690,00	6953,12
1691,00	6908,51
1692,00	6861,68
1693,00	6846,40
1694,00	6814,75
1695,00	6800,94
1696,00	6766,87
1697,00	6732,49
1698,00	6691,43
1699,00	6674,78
1700,00	6663,27
1701,00	6621,12
1702,00	6594,18
1703,00	6546,92
1704,00	6534,83
1705,00	6486,16
1706,00	6485,42
1707,00	6433,58
1708,00	6429,66
1709,00	6382,11
1710,00	6381,07
1711,00	6338,21
1712,00	6302,71
1713,00	6302,82
1714,00	6253,15
1715,00	6219,01
1716,00	6195,56
1717,00	6156,91
1718,00	6137,53
1719,00	6145,36
1720,00	6098,22
1721,00	6067,13
1722,00	6043,61
1723,00	6028,71
1724,00	6007,84
1725,00	5958,75
1726,00	5937,38
1727,00	5909,18
1728,00	5893,00
1729,00	5872,96
1730,00	5835,94
1731,00	5796,62
1732,00	5797,50
1733,00	5753,29
1734,00	5723,92
1735,00	5711,51
1736,00	5681,80
1737,00	5667,23
1738,00	5643,42
1739,00	5607,56
1740,00	5578,08
1741,00	5562,03
1742,00	5535,47
1743,00	5510,46
1744,00	5497,01
1745,00	5462,25
1746,00	5454,84
1747,00	5416,36
1748,00	5403,52
1749,00	5365,32
1750,00	5315,09
1751,00	5331,55
1752,00	5313,84
1753,00	5291,31
1754,00	5277,72
1755,00	5238,87
1756,00	5222,79
1757,00	5203,09
1758,00	5186,54
1759,00	5164,46
1760,00	5126,19
1761,00	5119,05
1762,00	5084,86
1763,00	5079,79
1764,00	5055,29
1765,00	5028,67
1766,00	5031,26
1767,00	4992,01
1768,00	4969,09
1769,00	4952,32
1770,00	4919,12
1771,00	4908,23
1772,00	4881,83
1773,00	4852,36
1774,00	4849,67
1775,00	4838,03
1776,00	4797,91
1777,00	4781,90
1778,00	4747,76
1779,00	4748,78
1780,00	4727,98
1781,00	4717,48
1782,00	4662,86
1783,00	4652,48
1784,00	4645,70
1785,00	4614,61
1786,00	4590,09
1787,00	4589,31
1788,00	4576,18
1789,00	4543,31
1790,00	4531,10
1791,00	4495,41
1792,00	4485,81
1793,00	4442,88
1794,00	4440,99
1795,00	4423,07
1796,00	4426,52
1797,00	4385,46
1798,00	4357,38
1799,00	4337,05
1800,00	4327,31
1801,00	4325,30
1802,00	4300,49
1803,00	4260,01
1804,00	4257,37
1805,00	4225,22
1806,00	4199,78
1807,00	4199,69
1808,00	4203,61
1809,00	4154,22
1810,00	4175,38
1811,00	4128,48
1812,00	4115,47
1813,00	4091,60
1814,00	4075,31
1815,00	4059,24
1816,00	4054,49
1817,00	4032,99
1818,00	4018,42
1819,00	3989,56
1820,00	3973,43
1821,00	3954,66
1822,00	3948,77
1823,00	3924,85
1824,00	3897,61
1825,00	3868,49
1826,00	3854,60
1827,00	3841,42
1828,00	3831,50
1829,00	3818,92
1830,00	3799,14
1831,00	3791,37
1832,00	3781,15
1833,00	3776,35
1834,00	3761,12
1835,00	3746,30
1836,00	3718,66
1837,00	3714,97
1838,00	3687,98
1839,00	3678,33
1840,00	3660,96
1841,00	3660,15
1842,00	3630,06
1843,00	3602,70
1844,00	3606,91
1845,00	3586,66
1846,00	3573,07
1847,00	3561,85
1848,00	3548,56
1849,00	3536,80
1850,00	3524,61
1851,00	3493,96
1852,00	3482,69
1853,00	3464,58
1854,00	3458,74
1855,00	3445,10
1856,00	3431,42
1857,00	3415,30
1858,00	3390,68
1859,00	3372,55
1860,00	3374,94
1861,00	3350,83
1862,00	3343,80
1863,00	3322,96
1864,00	3317,32
1865,00	3307,80
1866,00	3290,10
1867,00	3279,49
1868,00	3257,35
1869,00	3243,12
1870,00	3242,50
1871,00	3235,73
1872,00	3203,26
1873,00	3192,29
1874,00	3169,50
1875,00	3186,95
1876,00	3160,45
1877,00	3160,24
1878,00	3147,75
1879,00	3111,10
1880,00	3100,85
1881,00	3092,40
1882,00	3089,15
1883,00	3077,17
1884,00	3066,54
1885,00	3049,27
1886,00	3025,64
1887,00	3021,63
1888,00	3015,11
1889,00	3003,22
1890,00	2984,74
1891,00	2984,52
1892,00	2976,05
1893,00	2956,05
1894,00	2947,66
1895,00	2925,82
1896,00	2920,38
1897,00	2920,51
1898,00	2894,25
1899,00	2897,22
1900,00	2881,93
1901,00	2873,63
1902,00	2867,89
1903,00	2845,29
1904,00	2837,64
1905,00	2831,62
1906,00	2816,98
1907,00	2804,68
1908,00	2798,90
1909,00	2785,89
1910,00	2762,24
1911,00	2762,14
1912,00	2753,92
1913,00	2736,77
1914,00	2736,78
1915,00	2725,94
1916,00	2700,89
1917,00	2688,96
1918,00	2698,54
1919,00	2676,52
1920,00	2664,06
1921,00	2649,16
1922,00	2637,17
1923,00	2629,96
1924,00	2628,08
1925,00	2618,30
1926,00	2610,39
1927,00	2591,54
1928,00	2584,07
1929,00	2572,79
1930,00	2577,24
1931,00	2563,11
1932,00	2548,65
1933,00	2547,39
1934,00	2528,77
1935,00	2521,95
1936,00	2520,96
1937,00	2505,40
1938,00	2489,97
1939,00	2494,64
1940,00	2483,08
1941,00	2473,95
1942,00	2462,03
1943,00	2458,06
1944,00	2440,01
1945,00	2434,98
1946,00	2425,77
1947,00	2410,71
1948,00	2409,03
1949,00	2400,98
1950,00	2388,81
1951,00	2380,43
1952,00	2376,43
1953,00	2365,95
1954,00	2361,40
1955,00	2354,04
1956,00	2340,25
1957,00	2334,18
1958,00	2319,25
1959,00	2320,63
1960,00	2309,55
1961,00	2303,82
1962,00	2292,77
1963,00	2289,53
1964,00	2277,75
1965,00	2274,05
1966,00	2253,57
1967,00	2255,74
1968,00	2241,83
1969,00	2236,43
1970,00	2229,17
1971,00	2216,91
1972,00	2208,99
1973,00	2205,49
1974,00	2199,75
1975,00	2194,74
1976,00	2182,92
1977,00	2171,61
1978,00	2158,62
1979,00	2162,90
1980,00	2153,12
1981,00	2143,21
1982,00	2140,25
1983,00	2129,77
1984,00	2128,42
1985,00	2119,42
1986,00	2107,77
1987,00	2104,68
1988,00	2099,41
1989,00	2087,19
1990,00	2083,06
1991,00	2079,24
1992,00	2065,68
1993,00	2059,01
1994,00	2048,34
1995,00	2049,53
1996,00	2039,51
1997,00	2027,17
1998,00	2025,52
1999,00	2016,89
2000,00	2011,29
2001,00	2006,65
2002,00	2003,88
2003,00	1989,02
2004,00	1984,10
2005,00	1980,97
2006,00	1973,57
2007,00	1968,24
2008,00	1961,97
2009,00	1957,23
2010,00	1951,68
2011,00	1942,69
2012,00	1933,89
2013,00	1925,82
2014,00	1924,34
2015,00	1912,73
2016,00	1908,69
2017,00	1901,38
2018,00	1897,81
2019,00	1891,21
2020,00	1886,27
2021,00	1879,51
2022,00	1871,00
2023,00	1868,47
2024,00	1860,78
2025,00	1857,13
2026,00	1846,93
2027,00	1840,82
2028,00	1839,65
2029,00	1829,54
2030,00	1826,42
2031,00	1819,63
2032,00	1813,55
2033,00	1807,86
2034,00	1806,45
2035,00	1795,92
2036,00	1790,32
2037,00	1783,64
2038,00	1779,58
2039,00	1773,62
2040,00	1767,64
2041,00	1762,78
2042,00	1757,75
2043,00	1752,54
2044,00	1745,62
2045,00	1740,91
2046,00	1740,91
2047,00	1740,91
