0,00	946,18
1,00	946,18
2,00	946,18
3,00	917,54
4,00	924,51
5,00	916,32
6,00	928,63
7,00	940,31
8,00	950,66
9,00	960,02
10,00	973,17
11,00	998,64
12,00	998,66
13,00	1032,93
14,00	1040,13
15,00	1053,12
16,00	1069,91
17,00	1098,86
18,00	1107,00
19,00	1128,26
20,00	1137,41
21,00	1150,16
22,00	1165,33
23,00	1233,91
24,00	1339,30
25,00	1360,37
26,00	1388,55
27,00	1404,51
28,00	1422,60
29,00	1436,41
30,00	1471,96
31,00	1496,35
32,00	1514,35
33,00	1502,58
34,00	1501,36
35,00	1502,53
36,00	1507,02
37,00	1512,45
38,00	1515,78
39,00	1549,79
40,00	1546,27
41,00	1603,20
42,00	1632,48
43,00	1716,15
44,00	1806,59
45,00	1926,87
46,00	2112,08
47,00	2335,11
48,00	2734,35
49,00	3752,07
50,00	13289,02
51,00	65535,00
52,00	16981,64
53,00	4104,95
54,00	2427,51
55,00	2012,44
56,00	1843,87
57,00	1730,40
58,00	1679,38
59,00	1653,54
60,00	1608,28
61,00	1589,27
62,00	1596,34
63,00	1592,85
64,00	1609,26
65,00	1654,01
66,00	1841,11
67,00	6099,83
68,00	6151,58
69,00	2114,11
70,00	1660,70
71,00	1550,89
72,00	1525,65
73,00	1509,67
74,00	1496,56
75,00	1482,45
76,00	1483,83
77,00	1478,17
78,00	1474,23
79,00	1462,27
80,00	1464,38
81,00	1476,06
82,00	1493,07
83,00	1592,08
84,00	1658,36
85,00	1524,27
86,00	1518,59
87,00	1504,08
88,00	1490,13
89,00	1493,57
90,00	1490,73
91,00	1496,47
92,00	1491,69
93,00	1498,29
94,00	1491,60
95,00	1487,81
96,00	1483,50
97,00	1515,94
98,00	1503,26
99,00	1501,24
100,00	1507,19
101,00	1501,06
102,00	1494,32
103,00	1502,41
104,00	1505,64
105,00	1511,12
106,00	1512,20
107,00	1511,28
108,00	1507,33
109,00	1506,56
110,00	1521,65
111,00	1528,98
112,00	1519,22
113,00	1526,85
114,00	1510,18
115,00	1517,51
116,00	1517,70
117,00	1515,54
118,00	1512,62
119,00	1512,69
120,00	1520,76
121,00	1523,48
122,00	1509,55
123,00	1514,19
124,00	1513,58
125,00	1511,61
126,00	1516,15
127,00	1525,73
128,00	1525,65
129,00	1538,74
130,00	1521,75
131,00	1521,84
132,00	1523,31
133,00	1528,11
134,00	1532,47
135,00	1543,93
136,00	1554,65
137,00	1555,57
138,00	1554,14
139,00	1557,18
140,00	1545,60
141,00	1550,84
142,00	1548,78
143,00	1539,51
144,00	1542,06
145,00	1516,97
146,00	1519,99
147,00	1540,31
148,00	1571,88
149,00	1571,34
150,00	1548,55
151,00	1553,13
152,00	1549,06
153,00	1552,24
154,00	1558,91
155,00	1566,73
156,00	1559,24
157,00	1558,21
158,00	1548,71
159,00	1559,90
160,00	1570,78
161,00	1568,42
162,00	1548,10
163,00	1559,38
164,00	1553,76
165,00	1557,32
166,00	1572,89
167,00	1576,33
168,00	1576,96
169,00	1564,98
170,00	1544,26
171,00	1550,65
172,00	1569,33
173,00	1580,07
174,00	1591,52
175,00	1584,05
176,00	1579,60
177,00	1583,23
178,00	1577,78
179,00	1565,56
180,00	1559,03
181,00	1565,96
182,00	1566,31
183,00	1573,52
184,00	1556,95
185,00	1536,89
186,00	1542,79
187,00	1548,94
188,00	1565,63
189,00	1567,22
190,00	1573,64
191,00	1586,32
192,00	1638,12
193,00	1683,90
194,00	1726,03
195,00	1744,82
196,00	1776,35
197,00	1808,25
198,00	1859,30
199,00	1836,36
200,00	1837,95
201,00	1864,07
202,00	1855,34
203,00	1851,15
204,00	1916,90
205,00	1992,54
206,00	2347,74
207,00	4484,02
208,00	2975,92
209,00	2767,57
210,00	3321,95
211,00	7772,36
212,00	8396,23
213,00	4968,28
214,00	5071,07
215,00	6523,05
216,00	13923,26
217,00	65535,00
218,00	65535,00
219,00	14715,81
220,00	5769,72
221,00	3696,53
222,00	2995,72
223,00	2622,59
224,00	2377,31
225,00	2270,53
226,00	2179,18
227,00	2062,08
228,00	1995,38
229,00	1938,17
230,00	1877,34
231,00	1811,95
232,00	1831,02
233,00	1850,12
234,00	1816,26
235,00	1805,93
236,00	1809,49
237,00	1770,83
238,00	1776,58
239,00	1759,92
240,00	1752,38
241,00	1744,75
242,00	1722,94
243,00	1727,10
244,00	1753,37
245,00	1749,64
246,00	1754,00
247,00	1758,51
248,00	1734,71
249,00	1743,14
250,00	1755,38
251,00	1753,39
252,00	1741,43
253,00	1734,31
254,00	1749,39
255,00	1740,33
256,00	1744,92
257,00	1736,72
258,00	1732,49
259,00	1728,02
260,00	1746,04
261,00	1755,14
262,00	1733,35
263,00	1737,40
264,00	1745,67
265,00	1738,34
266,00	1738,57
267,00	1737,05
268,00	1733,80
269,00	1719,08
270,00	1706,70
271,00	1713,53
272,00	1712,64
273,00	1725,93
274,00	1732,98
275,00	1739,98
276,00	1748,85
277,00	1743,56
278,00	1735,04
279,00	1750,46
280,00	1757,18
281,00	1759,12
282,00	1756,88
283,00	1756,22
284,00	1733,66
285,00	1750,91
286,00	1757,46
287,00	1768,65
288,00	1754,84
289,00	1740,16
290,00	1766,12
291,00	1765,19
292,00	1770,99
293,00	1772,98
294,00	1784,17
295,00	1776,47
296,00	1785,17
297,00	1777,78
298,00	1799,66
299,00	1779,23
300,00	1787,49
301,00	1782,65
302,00	1774,92
303,00	1773,59
304,00	1763,94
305,00	1768,49
306,00	1771,95
307,00	1751,96
308,00	1753,69
309,00	1732,35
310,00	1719,83
311,00	1736,91
312,00	1750,44
313,00	1753,44
314,00	1758,16
315,00	1779,77
316,00	1776,28
317,00	1766,29
318,00	1767,46
319,00	1762,14
320,00	1762,05
321,00	1759,29
322,00	1758,21
323,00	1775,79
324,00	1769,63
325,00	1771,90
326,00	1787,16
327,00	1798,56
328,00	1800,97
329,00	1801,07
330,00	1782,36
331,00	1771,86
332,00	1787,02
333,00	1798,47
334,00	1791,02
335,00	1803,01
336,00	1802,40
337,00	1789,53
338,00	1793,76
339,00	1778,01
340,00	1783,39
341,00	1784,73
342,00	1788,01
343,00	1807,60
344,00	1808,60
345,00	1791,61
346,00	1795,99
347,00	1793,93
348,00	1791,63
349,00	1812,14
350,00	1807,13
351,00	1821,90
352,00	1825,36
353,00	1827,86
354,00	1825,29
355,00	1833,29
356,00	1829,08
357,00	1834,25
358,00	1837,70
359,00	1843,31
360,00	1841,93
361,00	1849,51
362,00	1862,43
363,00	1856,63
364,00	1857,03
365,00	1864,61
366,00	1865,99
367,00	1853,38
368,00	1858,03
369,00	1868,10
370,00	1852,84
371,00	1852,02
372,00	1864,21
373,00	1862,11
374,00	1858,55
375,00	1843,59
376,00	1847,01
377,00	1899,84
378,00	1879,87
379,00	1874,30
380,00	1873,08
381,00	1895,93
382,00	1901,17
383,00	1889,77
384,00	1873,88
385,00	1867,91
386,00	1856,42
387,00	1850,03
388,00	1868,10
389,00	1885,11
390,00	1885,44
391,00	1885,21
392,00	1888,86
393,00	1881,79
394,00	1870,21
395,00	1889,89
396,00	1891,69
397,00	1901,52
398,00	1901,03
399,00	1895,81
400,00	1901,90
401,00	1893,80
402,00	1902,39
403,00	1896,84
404,00	1878,68
405,00	1883,48
406,00	1874,98
407,00	1880,08
408,00	1892,11
409,00	1891,60
410,00	1902,95
411,00	1908,73
412,00	1921,67
413,00	1917,76
414,00	1946,58
415,00	1957,04
416,00	1961,77
417,00	1954,70
418,00	1951,35
419,00	1943,07
420,00	1925,98
421,00	1925,91
422,00	1944,17
423,00	1939,81
424,00	1946,44
425,00	1942,74
426,00	1955,45
427,00	1963,15
428,00	1971,46
429,00	1980,28
430,00	1978,81
431,00	1973,00
432,00	1979,18
433,00	1969,49
434,00	1982,06
435,00	1977,00
436,00	1973,24
437,00	1983,09
438,00	1979,88
439,00	1976,82
440,00	1972,51
441,00	1970,03
442,00	1980,51
443,00	1999,73
444,00	2004,06
445,00	2010,40
446,00	2034,67
447,00	2025,87
448,00	2043,69
449,00	2042,63
450,00	2040,97
451,00	2027,02
452,00	2019,48
453,00	2015,29
454,00	2007,22
455,00	2028,89
456,00	2035,12
457,00	2059,79
458,00	2069,31
459,00	2060,77
460,00	2062,50
461,00	2051,71
462,00	2059,72
463,00	2068,26
464,00	2065,97
465,00	2071,56
466,00	2079,85
467,00	2087,24
468,00	2093,98
469,00	2106,79
470,00	2110,48
471,00	2116,69
472,00	2105,31
473,00	2096,02
474,00	2089,30
475,00	2107,63
476,00	2105,08
477,00	2109,52
478,00	2105,78
479,00	2108,64
480,00	2109,81
481,00	2108,92
482,00	2108,85
483,00	2112,78
484,00	2109,97
485,00	2119,87
486,00	2109,97
487,00	2118,28
488,00	2125,74
489,00	2092,16
490,00	2091,15
491,00	2060,26
492,00	2027,68
493,00	1993,18
494,00	1961,72
495,00	1960,15
496,00	1978,69
497,00	2027,96
498,00	2066,51
499,00	2088,81
500,00	2068,66
501,00	2089,16
502,00	2099,34
503,00	2139,72
504,00	2140,61
505,00	2164,06
506,00	2162,66
507,00	2168,93
508,00	2147,11
509,00	2139,58
510,00	2139,11
511,00	2132,86
512,00	2149,10
513,00	2183,86
514,00	2221,96
515,00	2225,24
516,00	2229,24
517,00	2222,67
518,00	2228,24
519,00	2232,26
520,00	2238,25
521,00	2244,04
522,00	2270,48
523,00	2299,48
524,00	2480,59
525,00	4843,29
526,00	3386,71
527,00	2409,70
528,00	2223,81
529,00	2202,14
530,00	2210,47
531,00	2237,90
532,00	2251,34
533,00	2272,50
534,00	2270,11
535,00	2249,58
536,00	2245,09
537,00	2235,61
538,00	2235,24
539,00	2244,13
540,00	2265,76
541,00	2293,28
542,00	2305,40
543,00	2328,08
544,00	2321,55
545,00	2320,64
546,00	2323,92
547,00	2337,26
548,00	2358,44
549,00	2427,53
550,00	2659,46
551,00	2597,57
552,00	2460,16
553,00	2391,00
554,00	2358,72
555,00	2362,12
556,00	2346,53
557,00	2347,96
558,00	2354,23
559,00	2359,28
560,00	2367,69
561,00	2347,21
562,00	2338,20
563,00	2301,54
564,00	2291,69
565,00	2304,91
566,00	2331,90
567,00	2351,72
568,00	2362,70
569,00	2373,16
570,00	2362,51
571,00	2363,47
572,00	2369,96
573,00	2358,44
574,00	2331,41
575,00	2319,05
576,00	2323,73
577,00	2304,00
578,00	2343,06
579,00	2330,47
580,00	2317,11
581,00	2320,85
582,00	2311,14
583,00	2318,58
584,00	2329,98
585,00	2351,02
586,00	2359,68
587,00	2408,97
588,00	2424,96
589,00	2381,50
590,00	2410,24
591,00	2395,77
592,00	2422,57
593,00	2413,05
594,00	2379,81
595,00	2378,57
596,00	2346,71
597,00	2368,79
598,00	2411,78
599,00	2469,27
600,00	2458,41
601,00	2627,44
602,00	2448,83
603,00	2443,52
604,00	2467,72
605,00	2473,41
606,00	2491,66
607,00	2506,13
608,00	2516,05
609,00	2511,28
610,00	2476,83
611,00	2476,59
612,00	2476,54
613,00	2478,46
614,00	2473,57
615,00	2486,33
616,00	2484,10
617,00	2483,94
618,00	2458,92
619,00	2442,21
620,00	2448,60
621,00	2463,02
622,00	2500,68
623,00	2514,95
624,00	2536,63
625,00	2555,89
626,00	2556,22
627,00	2574,99
628,00	2551,51
629,00	2533,51
630,00	2504,09
631,00	2541,99
632,00	2553,27
633,00	2556,40
634,00	2554,72
635,00	2547,86
636,00	2554,51
637,00	2575,71
638,00	2588,49
639,00	2610,82
640,00	2632,26
641,00	2642,63
642,00	2640,90
643,00	2625,92
644,00	2602,49
645,00	2571,85
646,00	2575,90
647,00	2565,79
648,00	2578,52
649,00	2584,98
650,00	2582,90
651,00	2590,60
652,00	2571,55
653,00	2554,39
654,00	2571,45
655,00	2563,47
656,00	2574,03
657,00	2576,27
658,00	2584,07
659,00	2608,69
660,00	2614,24
661,00	2609,14
662,00	2625,94
663,00	2630,95
664,00	2643,21
665,00	2629,12
666,00	2610,42
667,00	2579,72
668,00	2524,06
669,00	2438,44
670,00	2429,52
671,00	2423,34
672,00	2360,34
673,00	2436,52
674,00	2536,93
675,00	2564,83
676,00	2603,66
677,00	2582,55
678,00	2484,81
679,00	2453,56
680,00	2518,00
681,00	2551,72
682,00	2566,89
683,00	2592,19
684,00	2603,24
685,00	2625,59
686,00	2627,16
687,00	2651,03
688,00	2671,89
689,00	2682,39
690,00	2684,52
691,00	2652,48
692,00	2644,55
693,00	2630,74
694,00	2657,05
695,00	2688,20
696,00	2707,37
697,00	2678,04
698,00	2692,01
699,00	2722,96
700,00	2723,78
701,00	2728,48
702,00	2714,90
703,00	2669,73
704,00	2638,86
705,00	2661,24
706,00	2675,63
707,00	2654,57
708,00	2677,36
709,00	2709,12
710,00	2741,26
711,00	2753,41
712,00	2772,79
713,00	2763,21
714,00	2778,01
715,00	2774,82
716,00	2763,49
717,00	2751,93
718,00	2749,19
719,00	2746,24
720,00	2733,39
721,00	2756,96
722,00	2783,55
723,00	2763,94
724,00	2723,17
725,00	2658,05
726,00	2622,99
727,00	2601,74
728,00	2588,96
729,00	2569,28
730,00	2604,52
731,00	2628,54
732,00	2648,13
733,00	2705,85
734,00	2733,84
735,00	2752,28
736,00	2733,93
737,00	2723,21
738,00	2774,63
739,00	2777,98
740,00	2812,01
741,00	2827,88
742,00	2847,54
743,00	2824,61
744,00	2799,58
745,00	2752,80
746,00	2753,64
747,00	2763,52
748,00	2769,06
749,00	2806,63
750,00	2814,33
751,00	2817,82
752,00	2847,36
753,00	2852,57
754,00	2865,56
755,00	2865,19
756,00	2839,37
757,00	2844,01
758,00	2820,81
759,00	2820,51
760,00	2776,69
761,00	2745,50
762,00	2727,85
763,00	2665,12
764,00	2706,64
765,00	2749,64
766,00	2757,03
767,00	2783,06
768,00	2799,05
769,00	2803,28
770,00	2774,17
771,00	2783,08
772,00	2804,99
773,00	2823,62
774,00	2812,90
775,00	2808,34
776,00	2830,41
777,00	2874,67
778,00	2927,07
779,00	2954,65
780,00	2953,29
781,00	2956,96
782,00	2945,89
783,00	2932,43
784,00	2956,21
785,00	2922,63
786,00	2885,81
787,00	2824,82
788,00	2787,79
789,00	2813,86
790,00	2828,07
791,00	2843,10
792,00	2852,88
793,00	2865,35
794,00	2860,81
795,00	2861,21
796,00	2867,53
797,00	2897,19
798,00	2889,16
799,00	2886,26
800,00	2860,44
801,00	2866,08
802,00	2862,78
803,00	2859,27
804,00	2829,01
805,00	2844,80
806,00	2857,63
807,00	2863,34
808,00	2846,09
809,00	2823,22
810,00	2834,32
811,00	2829,36
812,00	2852,13
813,00	2857,75
814,00	2895,22
815,00	2922,25
816,00	2947,48
817,00	2944,72
818,00	2961,67
819,00	2968,52
820,00	2974,82
821,00	3120,24
822,00	3149,50
823,00	3124,01
824,00	3444,38
825,00	3412,41
826,00	3265,98
827,00	3218,92
828,00	3222,94
829,00	3250,37
830,00	3327,21
831,00	3396,89
832,00	3498,84
833,00	3699,92
834,00	4000,79
835,00	4675,22
836,00	5690,29
837,00	7168,87
838,00	10130,61
839,00	17732,65
840,00	65535,00
841,00	65535,00
842,00	65535,00
843,00	42665,81
844,00	17637,74
845,00	10109,38
846,00	7345,26
847,00	5742,72
848,00	4932,37
849,00	4359,51
850,00	3977,09
851,00	3749,35
852,00	3633,00
853,00	3550,57
854,00	3440,14
855,00	3361,57
856,00	3336,64
857,00	3284,45
858,00	3237,73
859,00	3211,87
860,00	3151,79
861,00	3123,84
862,00	3116,70
863,00	3082,46
864,00	3051,52
865,00	3038,76
866,00	3020,48
867,00	3002,21
868,00	2968,20
869,00	2943,69
870,00	2955,02
871,00	2939,67
872,00	2908,09
873,00	2908,96
874,00	2899,24
875,00	2900,13
876,00	2917,22
877,00	2906,01
878,00	2922,25
879,00	2905,45
880,00	2909,99
881,00	2850,37
882,00	2830,57
883,00	2854,59
884,00	2853,49
885,00	2841,88
886,00	2833,92
887,00	2867,16
888,00	2863,65
889,00	2851,15
890,00	2870,55
891,00	2874,37
892,00	2860,37
893,00	2863,34
894,00	2877,24
895,00	2871,81
896,00	2875,25
897,00	2859,99
898,00	2854,99
899,00	2850,47
900,00	2830,36
901,00	2839,91
902,00	2814,49
903,00	2804,01
904,00	2803,68
905,00	2786,31
906,00	2775,10
907,00	2769,30
908,00	2755,40
909,00	2754,46
910,00	2770,63
911,00	2755,77
912,00	2767,68
913,00	2783,08
914,00	2766,84
915,00	2782,22
916,00	2762,28
917,00	2722,56
918,00	2686,89
919,00	2697,12
920,00	2701,66
921,00	2694,14
922,00	2690,66
923,00	2726,70
924,00	2709,99
925,00	2699,06
926,00	2694,87
927,00	2692,37
928,00	2724,90
929,00	2745,73
930,00	2746,62
931,00	2764,06
932,00	2766,49
933,00	2775,55
934,00	2704,44
935,00	2678,32
936,00	2703,25
937,00	2706,46
938,00	2696,41
939,00	2714,01
940,00	2670,69
941,00	2696,39
942,00	2701,26
943,00	2703,81
944,00	2734,19
945,00	2705,40
946,00	2707,41
947,00	2690,82
948,00	2688,48
949,00	2688,32
950,00	2672,54
951,00	2665,57
952,00	2668,68
953,00	2667,95
954,00	2682,91
955,00	2674,60
956,00	2662,48
957,00	2665,19
958,00	2651,80
959,00	2644,01
960,00	2616,91
961,00	2604,06
962,00	2611,99
963,00	2598,46
964,00	2628,91
965,00	2624,89
966,00	2627,56
967,00	2635,91
968,00	2647,85
969,00	2679,28
970,00	2762,96
971,00	2735,92
972,00	2682,28
973,00	2661,56
974,00	2623,20
975,00	2604,22
976,00	2591,93
977,00	2593,13
978,00	2572,20
979,00	2560,22
980,00	2565,09
981,00	2568,43
982,00	2582,57
983,00	2570,47
984,00	2583,39
985,00	2574,82
986,00	2572,53
987,00	2563,75
988,00	2569,02
989,00	2561,41
990,00	2534,64
991,00	2523,64
992,00	2520,20
993,00	2504,47
994,00	2512,47
995,00	2539,50
996,00	2540,93
997,00	2537,35
998,00	2568,62
999,00	2582,90
1000,00	2574,47
1001,00	2596,45
1002,00	2597,29
1003,00	2594,83
1004,00	2596,99
1005,00	2585,19
1006,00	2591,14
1007,00	2608,01
1008,00	2595,56
1009,00	2628,05
1010,00	2651,78
1011,00	2662,50
1012,00	2736,06
1013,00	2718,74
1014,00	2697,56
1015,00	2683,42
1016,00	2689,30
1017,00	2719,30
1018,00	2758,60
1019,00	2793,76
1020,00	2880,24
1021,00	3031,25
1022,00	3285,67
1023,00	3641,78
1024,00	4261,58
1025,00	5526,26
1026,00	9403,71
1027,00	45031,70
1028,00	65040,28
1029,00	28467,00
1030,00	12658,95
1031,00	7689,48
1032,00	5333,38
1033,00	4321,96
1034,00	3798,88
1035,00	3671,60
1036,00	3808,71
1037,00	4281,47
1038,00	5370,43
1039,00	9455,39
1040,00	45229,24
1041,00	62787,12
1042,00	26869,86
1043,00	12346,35
1044,00	7528,99
1045,00	5245,54
1046,00	4165,36
1047,00	3526,23
1048,00	3365,92
1049,00	3403,91
1050,00	3153,08
1051,00	2948,68
1052,00	2838,06
1053,00	2760,29
1054,00	2700,81
1055,00	2670,15
1056,00	2649,02
1057,00	2610,49
1058,00	2592,78
1059,00	2590,50
1060,00	2560,62
1061,00	2534,07
1062,00	2523,50
1063,00	2530,94
1064,00	2529,53
1065,00	2509,92
1066,00	2484,20
1067,00	2499,55
1068,00	2478,81
1069,00	2476,90
1070,00	2457,61
1071,00	2450,31
1072,00	2453,58
1073,00	2448,86
1074,00	2445,23
1075,00	2445,30
1076,00	2419,34
1077,00	2421,92
1078,00	2423,02
1079,00	2410,70
1080,00	2414,31
1081,00	2409,25
1082,00	2393,55
1083,00	2397,79
1084,00	2411,22
1085,00	2385,01
1086,00	2371,41
1087,00	2385,90
1088,00	2381,14
1089,00	2376,23
1090,00	2372,48
1091,00	2386,69
1092,00	2395,14
1093,00	2394,72
1094,00	2373,37
1095,00	2370,73
1096,00	2355,23
1097,00	2356,43
1098,00	2332,13
1099,00	2345,73
1100,00	2327,69
1101,00	2331,71
1102,00	2324,69
1103,00	2264,26
1104,00	2226,39
1105,00	2226,60
1106,00	2215,36
1107,00	2171,53
1108,00	2190,91
1109,00	2208,39
1110,00	2225,78
1111,00	2246,84
1112,00	2261,68
1113,00	2274,46
1114,00	2274,11
1115,00	2281,91
1116,00	2289,75
1117,00	2272,19
1118,00	2272,15
1119,00	2268,77
1120,00	2267,02
1121,00	2260,47
1122,00	2254,26
1123,00	2256,42
1124,00	2266,79
1125,00	2264,40
1126,00	2272,80
1127,00	2264,07
1128,00	2268,07
1129,00	2258,10
1130,00	2253,26
1131,00	2268,92
1132,00	2266,11
1133,00	2269,97
1134,00	2280,85
1135,00	2258,38
1136,00	2252,06
1137,00	2249,77
1138,00	2233,39
1139,00	2219,37
1140,00	2214,08
1141,00	2228,38
1142,00	2225,94
1143,00	2236,99
1144,00	2244,34
1145,00	2241,06
1146,00	2229,52
1147,00	2228,92
1148,00	2243,68
1149,00	2245,98
1150,00	2246,89
1151,00	2245,84
1152,00	2238,35
1153,00	2246,73
1154,00	2247,69
1155,00	2251,69
1156,00	2244,13
1157,00	2221,19
1158,00	2217,10
1159,00	2230,60
1160,00	2233,22
1161,00	2233,69
1162,00	2218,43
1163,00	2216,37
1164,00	2207,24
1165,00	2218,92
1166,00	2227,23
1167,00	2213,42
1168,00	2220,21
1169,00	2227,60
1170,00	2221,31
1171,00	2232,15
1172,00	2208,81
1173,00	2228,24
1174,00	2214,15
1175,00	2212,60
1176,00	2211,31
1177,00	2201,58
1178,00	2207,59
1179,00	2206,14
1180,00	2209,37
1181,00	2195,02
1182,00	2192,50
1183,00	2194,70
1184,00	2192,47
1185,00	2189,24
1186,00	2188,26
1187,00	2175,83
1188,00	2177,52
1189,00	2184,52
1190,00	2188,35
1191,00	2198,44
1192,00	2204,69
1193,00	2196,80
1194,00	2199,78
1195,00	2200,10
1196,00	2210,87
1197,00	2200,01
1198,00	2206,70
1199,00	2199,82
1200,00	2188,42
1201,00	2190,95
1202,00	2194,81
1203,00	2180,42
1204,00	2189,62
1205,00	2194,11
1206,00	2182,43
1207,00	2188,56
1208,00	2158,56
1209,00	2170,26
1210,00	2171,08
1211,00	2182,78
1212,00	2169,63
1213,00	2168,30
1214,00	2156,83
1215,00	2166,26
1216,00	2164,62
1217,00	2198,86
1218,00	2202,23
1219,00	2189,41
1220,00	2181,15
1221,00	2162,56
1222,00	2156,92
1223,00	2145,83
1224,00	2142,97
1225,00	2141,17
1226,00	2131,13
1227,00	2138,34
1228,00	2130,99
1229,00	2129,51
1230,00	2118,54
1231,00	2119,82
1232,00	2123,78
1233,00	2116,36
1234,00	2127,45
1235,00	2128,58
1236,00	2119,85
1237,00	2105,41
1238,00	2078,19
1239,00	2089,28
1240,00	2098,03
1241,00	2102,83
1242,00	2100,89
1243,00	2104,68
1244,00	2102,11
1245,00	2105,66
1246,00	2099,58
1247,00	2099,65
1248,00	2107,72
1249,00	2116,71
1250,00	2126,87
1251,00	2097,82
1252,00	2091,10
1253,00	2083,62
1254,00	2068,14
1255,00	2076,01
1256,00	2076,52
1257,00	2070,72
1258,00	2070,34
1259,00	2052,74
1260,00	2033,93
1261,00	2032,85
1262,00	2042,87
1263,00	2034,30
1264,00	2042,21
1265,00	2055,29
1266,00	2059,25
1267,00	2057,94
1268,00	2046,33
1269,00	2045,07
1270,00	2057,24
1271,00	2036,64
1272,00	2039,43
1273,00	2037,60
1274,00	2029,10
1275,00	2014,78
1276,00	1993,57
1277,00	2021,08
1278,00	2007,55
1279,00	2007,29
1280,00	1996,06
1281,00	1992,71
1282,00	2004,18
1283,00	2005,79
1284,00	2005,91
1285,00	2009,94
1286,00	2009,65
1287,00	2002,30
1288,00	2011,41
1289,00	2020,68
1290,00	2019,62
1291,00	2002,35
1292,00	2013,07
1293,00	2007,88
1294,00	1996,71
1295,00	1985,80
1296,00	1994,46
1297,00	1992,92
1298,00	1992,71
1299,00	1993,69
1300,00	1993,06
1301,00	2002,82
1302,00	2008,16
1303,00	1996,80
1304,00	2007,88
1305,00	1987,61
1306,00	1993,25
1307,00	1994,16
1308,00	1991,26
1309,00	1974,29
1310,00	1965,11
1311,00	1973,40
1312,00	1966,38
1313,00	1962,40
1314,00	1960,90
1315,00	1968,62
1316,00	1960,13
1317,00	1960,22
1318,00	1968,46
1319,00	1967,88
1320,00	1969,28
1321,00	2028,66
1322,00	2052,91
1323,00	1995,96
1324,00	1973,28
1325,00	1950,58
1326,00	1949,92
1327,00	1946,20
1328,00	1949,20
1329,00	1932,46
1330,00	1926,54
1331,00	1913,69
1332,00	1918,72
1333,00	1930,33
1334,00	1917,20
1335,00	1912,33
1336,00	1909,22
1337,00	1907,91
1338,00	1901,76
1339,00	1906,02
1340,00	1908,92
1341,00	1915,21
1342,00	1914,04
1343,00	1915,80
1344,00	1913,27
1345,00	1907,89
1346,00	1912,45
1347,00	1908,92
1348,00	1912,31
1349,00	1899,25
1350,00	1904,07
1351,00	1875,21
1352,00	1856,19
1353,00	1865,45
1354,00	1872,48
1355,00	1867,91
1356,00	1871,07
1357,00	1884,32
1358,00	1883,45
1359,00	1882,05
1360,00	1880,74
1361,00	1879,80
1362,00	1871,54
1363,00	1876,43
1364,00	1868,50
1365,00	1869,18
1366,00	1856,49
1367,00	1844,90
1368,00	1856,58
1369,00	1865,55
1370,00	1867,54
1371,00	1878,26
1372,00	1875,64
1373,00	1874,89
1374,00	1864,03
1375,00	1863,51
1376,00	1852,89
1377,00	1864,00
1378,00	1855,27
1379,00	1851,88
1380,00	1868,66
1381,00	1850,45
1382,00	1863,51
1383,00	1872,57
1384,00	1862,15
1385,00	1873,95
1386,00	1870,09
1387,00	1869,01
1388,00	1867,77
1389,00	1862,53
1390,00	1841,70
1391,00	1843,80
1392,00	1850,90
1393,00	1858,95
1394,00	1853,40
1395,00	1849,77
1396,00	1856,33
1397,00	1843,57
1398,00	1867,42
1399,00	1918,05
1400,00	1857,92
1401,00	1853,80
1402,00	1870,49
1403,00	1846,31
1404,00	1838,07
1405,00	1847,78
1406,00	1840,20
1407,00	1839,38
1408,00	1835,94
1409,00	1838,63
1410,00	1840,29
1411,00	1927,08
1412,00	1842,42
1413,00	1843,76
1414,00	1843,94
1415,00	1835,33
1416,00	1837,06
1417,00	1836,50
1418,00	1835,99
1419,00	1838,51
1420,00	1839,78
1421,00	1831,68
1422,00	1828,73
1423,00	1825,64
1424,00	1837,37
1425,00	1824,26
1426,00	1834,07
1427,00	1821,90
1428,00	1815,13
1429,00	1829,06
1430,00	1820,75
1431,00	1810,40
1432,00	1802,82
1433,00	1808,77
1434,00	1820,68
1435,00	1814,41
1436,00	1804,72
1437,00	1811,67
1438,00	1802,73
1439,00	1797,86
1440,00	1801,81
1441,00	1791,05
1442,00	1794,96
1443,00	1791,68
1444,00	1797,58
1445,00	1789,27
1446,00	1802,17
1447,00	1794,37
1448,00	1792,41
1449,00	1787,96
1450,00	1797,11
1451,00	1794,75
1452,00	1799,71
1453,00	1789,20
1454,00	1786,09
1455,00	1791,33
1456,00	1793,62
1457,00	1780,75
1458,00	1777,47
1459,00	1772,14
1460,00	1778,01
1461,00	1781,76
1462,00	1783,21
1463,00	1779,30
1464,00	1774,71
1465,00	1770,19
1466,00	1761,09
1467,00	1777,59
1468,00	1776,16
1469,00	1763,06
1470,00	1758,66
1471,00	1760,57
1472,00	1761,39
1473,00	1745,85
1474,00	1744,96
1475,00	1745,85
1476,00	1755,92
1477,00	1752,87
1478,00	1749,50
1479,00	1749,20
1480,00	1743,21
1481,00	1745,95
1482,00	1735,74
1483,00	1729,68
1484,00	1742,13
1485,00	1739,77
1486,00	1735,74
1487,00	1733,66
1488,00	1726,45
1489,00	1734,55
1490,00	1739,88
1491,00	1734,71
1492,00	1726,71
1493,00	1723,13
1494,00	1715,54
1495,00	1714,40
1496,00	1696,49
1497,00	1708,33
1498,00	1711,05
1499,00	1722,35
1500,00	1721,70
1501,00	1725,21
1502,00	1728,65
1503,00	1731,86
1504,00	1729,47
1505,00	1737,43
1506,00	1733,26
1507,00	1719,78
1508,00	1727,85
1509,00	1719,19
1510,00	1707,49
1511,00	1706,93
1512,00	1699,18
1513,00	1705,24
1514,00	1713,60
1515,00	1715,80
1516,00	1734,36
1517,00	1724,04
1518,00	1714,35
1519,00	1716,81
1520,00	1716,60
1521,00	1707,28
1522,00	1708,31
1523,00	1712,17
1524,00	1710,44
1525,00	1716,20
1526,00	1714,09
1527,00	1701,22
1528,00	1704,40
1529,00	1695,95
1530,00	1695,55
1531,00	1688,46
1532,00	1683,95
1533,00	1689,75
1534,00	1686,33
1535,00	1677,84
1536,00	1671,26
1537,00	1677,53
1538,00	1668,19
1539,00	1659,07
1540,00	1633,48
1541,00	1609,26
1542,00	1599,33
1543,00	1599,03
1544,00	1621,06
1545,00	1623,16
1546,00	1635,87
1547,00	1652,84
1548,00	1652,25
1549,00	1655,16
1550,00	1665,67
1551,00	1672,36
1552,00	1676,85
1553,00	1671,73
1554,00	1672,31
1555,00	1679,69
1556,00	1682,19
1557,00	1674,23
1558,00	1671,28
1559,00	1682,99
1560,00	1672,87
1561,00	1670,79
1562,00	1665,57
1563,00	1668,90
1564,00	1664,54
1565,00	1665,27
1566,00	1672,55
1567,00	1673,97
1568,00	1669,39
1569,00	1674,35
1570,00	1676,22
1571,00	1668,78
1572,00	1670,46
1573,00	1665,55
1574,00	1674,84
1575,00	1666,04
1576,00	1662,23
1577,00	1664,87
1578,00	1672,27
1579,00	1663,63
1580,00	1656,51
1581,00	1667,00
1582,00	1660,87
1583,00	1667,28
1584,00	1663,02
1585,00	1650,19
1586,00	1658,62
1587,00	1659,79
1588,00	1654,81
1589,00	1636,03
1590,00	1643,15
1591,00	1643,27
1592,00	1647,03
1593,00	1639,50
1594,00	1647,25
1595,00	1634,68
1596,00	1641,18
1597,00	1633,88
1598,00	1637,27
1599,00	1636,95
1600,00	1642,26
1601,00	1634,65
1602,00	1636,97
1603,00	1637,53
1604,00	1631,84
1605,00	1642,40
1606,00	1624,80
1607,00	1638,09
1608,00	1634,47
1609,00	1625,92
1610,00	1620,14
1611,00	1633,25
1612,00	1622,69
1613,00	1629,46
1614,00	1624,05
1615,00	1621,15
1616,00	1621,17
1617,00	1628,01
1618,00	1623,14
1619,00	1608,58
1620,00	1622,32
1621,00	1619,16
1622,00	1612,35
1623,00	1618,41
1624,00	1613,03
1625,00	1615,41
1626,00	1615,30
1627,00	1605,75
1628,00	1609,05
1629,00	1637,79
1630,00	1613,92
1631,00	1604,76
1632,00	1611,39
1633,00	1600,83
1634,00	1605,61
1635,00	1601,49
1636,00	1603,20
1637,00	1596,13
1638,00	1597,53
1639,00	1597,06
1640,00	1604,81
1641,00	1603,48
1642,00	1601,00
1643,00	1598,56
1644,00	1605,58
1645,00	1622,39
1646,00	1620,33
1647,00	1607,57
1648,00	1595,92
1649,00	1591,05
1650,00	1594,35
1651,00	1593,41
1652,00	1577,78
1653,00	1585,06
1654,00	1581,62
1655,00	1582,79
1656,00	1573,66
1657,00	1582,44
1658,00	1580,17
1659,00	1582,46
1660,00	1583,63
1661,00	1582,93
1662,00	1577,38
1663,00	1581,03
1664,00	1582,81
1665,00	1576,63
1666,00	1576,14
1667,00	1576,56
1668,00	1572,30
1669,00	1571,34
1670,00	1571,60
1671,00	1564,60
1672,00	1557,93
1673,00	1567,69
1674,00	1566,85
1675,00	1571,81
1676,00	1565,63
1677,00	1569,38
1678,00	1562,71
1679,00	1561,75
1680,00	1564,60
1681,00	1563,36
1682,00	1572,11
1683,00	1558,02
1684,00	1564,06
1685,00	1561,07
1686,00	1556,36
1687,00	1556,67
1688,00	1552,01
1689,00	1546,65
1690,00	1556,06
1691,00	1549,58
1692,00	1551,75
1693,00	1559,83
1694,00	1550,23
1695,00	1548,08
1696,00	1555,96
1697,00	1546,67
1698,00	1544,82
1699,00	1543,12
1700,00	1558,00
1701,00	1549,81
1702,00	1545,15
1703,00	1545,13
1704,00	1539,98
1705,00	1543,72
1706,00	1540,75
1707,00	1545,50
1708,00	1544,54
1709,00	1547,73
1710,00	1544,75
1711,00	1536,12
1712,00	1539,91
1713,00	1548,33
1714,00	1543,47
1715,00	1534,60
1716,00	1540,52
1717,00	1533,99
1718,00	1548,64
1719,00	1542,02
1720,00	1533,40
1721,00	1537,80
1722,00	1530,66
1723,00	1544,50
1724,00	1540,45
1725,00	1533,36
1726,00	1537,99
1727,00	1522,66
1728,00	1532,75
1729,00	1531,06
1730,00	1534,36
1731,00	1522,94
1732,00	1532,56
1733,00	1530,45
1734,00	1519,31
1735,00	1527,29
1736,00	1516,20
1737,00	1509,13
1738,00	1522,52
1739,00	1527,32
1740,00	1523,88
1741,00	1527,81
1742,00	1518,77
1743,00	1514,07
1744,00	1517,81
1745,00	1520,83
1746,00	1521,77
1747,00	1521,21
1748,00	1516,60
1749,00	1526,92
1750,00	1510,37
1751,00	1519,43
1752,00	1501,36
1753,00	1493,71
1754,00	1471,73
1755,00	1453,73
1756,00	1432,52
1757,00	1434,68
1758,00	1425,78
1759,00	1422,72
1760,00	1437,72
1761,00	1445,47
1762,00	1454,46
1763,00	1464,96
1764,00	1481,23
1765,00	1477,98
1766,00	1479,43
1767,00	1475,26
1768,00	1471,68
1769,00	1479,38
1770,00	1469,06
1771,00	1470,42
1772,00	1477,35
1773,00	1469,86
1774,00	1470,63
1775,00	1477,23
1776,00	1476,97
1777,00	1477,00
1778,00	1490,34
1779,00	1499,63
1780,00	1557,51
1781,00	1667,89
1782,00	1607,43
1783,00	1576,73
1784,00	1572,23
1785,00	1552,55
1786,00	1526,90
1787,00	1515,89
1788,00	1505,39
1789,00	1505,01
1790,00	1501,85
1791,00	1496,56
1792,00	1489,31
1793,00	1493,14
1794,00	1493,38
1795,00	1488,07
1796,00	1490,48
1797,00	1482,12
1798,00	1488,63
1799,00	1492,84
1800,00	1491,69
1801,00	1489,68
1802,00	1490,87
1803,00	1484,34
1804,00	1487,62
1805,00	1490,48
1806,00	1486,08
1807,00	1480,79
1808,00	1480,20
1809,00	1488,98
1810,00	1484,39
1811,00	1483,71
1812,00	1489,66
1813,00	1488,58
1814,00	1479,94
1815,00	1493,82
1816,00	1500,94
1817,00	1492,75
1818,00	1506,72
1819,00	1487,86
1820,00	1486,64
1821,00	1487,36
1822,00	1488,65
1823,00	1489,63
1824,00	1489,40
1825,00	1500,35
1826,00	1492,40
1827,00	1501,50
1828,00	1508,52
1829,00	1491,51
1830,00	1496,73
1831,00	1496,91
1832,00	1487,53
1833,00	1489,42
1834,00	1497,01
1835,00	1489,33
1836,00	1484,02
1837,00	1489,68
1838,00	1492,51
1839,00	1495,56
1840,00	1504,75
1841,00	1488,07
1842,00	1488,65
1843,00	1482,50
1844,00	1492,51
1845,00	1487,08
1846,00	1478,82
1847,00	1483,62
1848,00	1485,23
1849,00	1477,42
1850,00	1477,28
1851,00	1485,35
1852,00	1480,39
1853,00	1477,44
1854,00	1477,18
1855,00	1478,98
1856,00	1483,81
1857,00	1485,66
1858,00	1488,21
1859,00	1480,95
1860,00	1479,94
1861,00	1492,75
1862,00	1473,51
1863,00	1476,95
1864,00	1475,45
1865,00	1490,62
1866,00	1476,92
1867,00	1476,08
1868,00	1473,13
1869,00	1471,96
1870,00	1479,97
1871,00	1479,12
1872,00	1479,43
1873,00	1483,41
1874,00	1479,99
1875,00	1489,17
1876,00	1485,56
1877,00	1477,95
1878,00	1483,15
1879,00	1481,11
1880,00	1476,76
1881,00	1485,35
1882,00	1478,42
1883,00	1487,67
1884,00	1487,50
1885,00	1482,07
1886,00	1484,13
1887,00	1468,15
1888,00	1477,46
1889,00	1475,94
1890,00	1474,12
1891,00	1480,65
1892,00	1480,37
1893,00	1472,69
1894,00	1473,23
1895,00	1476,88
1896,00	1477,37
1897,00	1485,63
1898,00	1472,41
1899,00	1479,83
1900,00	1471,12
1901,00	1475,66
1902,00	1477,63
1903,00	1479,41
1904,00	1482,82
1905,00	1492,33
1906,00	1478,96
1907,00	1476,20
1908,00	1515,26
1909,00	1497,10
1910,00	1480,67
1911,00	1478,38
1912,00	1477,81
1913,00	1479,62
1914,00	1465,60
1915,00	1474,72
1916,00	1472,31
1917,00	1468,34
1918,00	1470,96
1919,00	1466,67
1920,00	1461,76
1921,00	1461,71
1922,00	1462,46
1923,00	1466,67
1924,00	1458,11
1925,00	1456,77
1926,00	1465,74
1927,00	1462,88
1928,00	1466,63
1929,00	1459,35
1930,00	1461,03
1931,00	1460,24
1932,00	1462,39
1933,00	1460,21
1934,00	1454,06
1935,00	1455,09
1936,00	1459,65
1937,00	1453,33
1938,00	1450,06
1939,00	1454,01
1940,00	1458,50
1941,00	1451,55
1942,00	1450,83
1943,00	1451,74
1944,00	1446,22
1945,00	1442,87
1946,00	1448,98
1947,00	1439,78
1948,00	1455,16
1949,00	1437,46
1950,00	1449,63
1951,00	1431,96
1952,00	1437,65
1953,00	1443,17
1954,00	1440,25
1955,00	1446,45
1956,00	1433,91
1957,00	1437,02
1958,00	1428,41
1959,00	1427,49
1960,00	1430,86
1961,00	1433,44
1962,00	1433,13
1963,00	1434,87
1964,00	1428,12
1965,00	1431,75
1966,00	1428,05
1967,00	1436,74
1968,00	1428,71
1969,00	1427,07
1970,00	1425,29
1971,00	1417,22
1972,00	1415,39
1973,00	1413,96
1974,00	1408,72
1975,00	1406,97
1976,00	1404,74
1977,00	1399,99
1978,00	1402,68
1979,00	1395,43
1980,00	1416,54
1981,00	1390,86
1982,00	1395,64
1983,00	1394,42
1984,00	1396,20
1985,00	1398,24
1986,00	1385,46
1987,00	1383,89
1988,00	1386,14
1989,00	1382,62
1990,00	1383,79
1991,00	1392,50
1992,00	1401,68
1993,00	1393,63
1994,00	1376,96
1995,00	1384,12
1996,00	1390,61
1997,00	1385,69
1998,00	1387,70
1999,00	1371,51
2000,00	1377,66
2001,00	1380,68
2002,00	1390,91
2003,00	1369,87
2004,00	1379,37
2005,00	1381,59
2006,00	1395,01
2007,00	1394,80
2008,00	1389,81
2009,00	1401,30
2010,00	1386,70
2011,00	1391,05
2012,00	1394,37
2013,00	1389,30
2014,00	1397,30
2015,00	1393,02
2016,00	1389,65
2017,00	1385,06
2018,00	1393,93
2019,00	1388,31
2020,00	1384,03
2021,00	1383,07
2022,00	1381,85
2023,00	1375,77
2024,00	1369,66
2025,00	1376,75
2026,00	1366,57
2027,00	1373,82
2028,00	1371,76
2029,00	1368,44
2030,00	1369,63
2031,00	1374,67
2032,00	1361,58
2033,00	1368,79
2034,00	1375,98
2035,00	1370,17
2036,00	1368,46
2037,00	1366,55
2038,00	1365,75
2039,00	1362,22
2040,00	1363,43
2041,00	1362,85
2042,00	1364,95
2043,00	1369,52
2044,00	1366,62
2045,00	1364,74
2046,00	1364,74
2047,00	1364,74
