0,00	895,02
1,00	895,02
2,00	895,02
3,00	884,49
4,00	890,81
5,00	917,72
6,00	897,60
7,00	919,36
8,00	913,98
9,00	941,60
10,00	959,85
11,00	997,54
12,00	989,58
13,00	1031,71
14,00	990,51
15,00	1028,90
16,00	1034,98
17,00	1072,90
18,00	1081,33
19,00	1109,65
20,00	1115,73
21,00	1120,41
22,00	1144,05
23,00	1174,71
24,00	1146,86
25,00	1198,82
26,00	1213,33
27,00	1211,70
28,00	1193,67
29,00	1226,44
30,00	1234,40
31,00	1232,53
32,00	1267,17
33,00	1243,99
34,00	1255,46
35,00	1240,25
36,00	1243,76
37,00	1223,40
38,00	1248,68
39,00	1277,23
40,00	1255,46
41,00	1268,57
42,00	1251,95
43,00	1267,63
44,00	1262,48
45,00	1245,87
46,00	1260,85
47,00	1266,93
48,00	1255,70
49,00	1248,21
50,00	1264,12
51,00	1272,55
52,00	1251,02
53,00	1253,12
54,00	1249,85
55,00	1237,21
56,00	1240,95
57,00	1258,27
58,00	1246,34
59,00	1230,89
60,00	1234,87
61,00	1236,51
62,00	1247,97
63,00	1218,01
64,00	1232,76
65,00	1234,87
66,00	1208,65
67,00	1223,16
68,00	1244,23
69,00	1232,06
70,00	1266,23
71,00	1240,95
72,00	1245,63
73,00	1215,67
74,00	1239,08
75,00	1243,53
76,00	1228,55
77,00	1236,97
78,00	1238,61
79,00	1233,70
80,00	1240,02
81,00	1214,50
82,00	1248,91
83,00	1240,02
84,00	1247,04
85,00	1221,29
86,00	1254,76
87,00	1249,38
88,00	1199,06
89,00	1221,53
90,00	1225,50
91,00	1241,65
92,00	1226,67
93,00	1230,19
94,00	1236,27
95,00	1232,99
96,00	1226,91
97,00	1276,06
98,00	1234,63
99,00	1241,42
100,00	1240,95
101,00	1243,06
102,00	1226,91
103,00	1225,50
104,00	1237,44
105,00	1236,97
106,00	1240,95
107,00	1246,34
108,00	1253,82
109,00	1234,16
110,00	1240,72
111,00	1236,97
112,00	1222,93
113,00	1226,21
114,00	1241,89
115,00	1242,36
116,00	1227,85
117,00	1226,67
118,00	1238,38
119,00	1260,38
120,00	1216,61
121,00	1227,38
122,00	1243,53
123,00	1217,08
124,00	1226,91
125,00	1232,99
126,00	1243,06
127,00	1247,04
128,00	1236,74
129,00	1246,80
130,00	1229,95
131,00	1244,46
132,00	1221,76
133,00	1243,76
134,00	1245,40
135,00	1246,10
136,00	1229,48
137,00	1274,19
138,00	1249,38
139,00	1233,70
140,00	1250,78
141,00	1255,00
142,00	1228,55
143,00	1223,63
144,00	1245,16
145,00	1229,95
146,00	1262,02
147,00	1254,76
148,00	1306,02
149,00	1258,27
150,00	1237,21
151,00	1241,89
152,00	1226,67
153,00	1244,46
154,00	1240,72
155,00	1237,44
156,00	1242,82
157,00	1237,21
158,00	1251,48
159,00	1258,27
160,00	1253,82
161,00	1268,10
162,00	1227,38
163,00	1254,53
164,00	1240,25
165,00	1230,19
166,00	1240,48
167,00	1238,14
168,00	1238,38
169,00	1238,61
170,00	1232,76
171,00	1235,80
172,00	1238,38
173,00	1240,95
174,00	1240,02
175,00	1224,33
176,00	1232,99
177,00	1236,04
178,00	1255,00
179,00	1240,48
180,00	1243,76
181,00	1239,08
182,00	1241,89
183,00	1278,17
184,00	1227,38
185,00	1247,04
186,00	1240,48
187,00	1240,25
188,00	1229,48
189,00	1251,25
190,00	1237,44
191,00	1236,74
192,00	1241,42
193,00	1257,34
194,00	1255,70
195,00	1243,29
196,00	1252,89
197,00	1254,06
198,00	1249,61
199,00	1251,25
200,00	1247,97
201,00	1253,12
202,00	1258,97
203,00	1251,48
204,00	1250,78
205,00	1262,25
206,00	1254,53
207,00	1262,25
208,00	1248,44
209,00	1242,36
210,00	1249,38
211,00	1247,74
212,00	1239,55
213,00	1245,87
214,00	1252,42
215,00	1243,06
216,00	1231,59
217,00	1237,21
218,00	1253,59
219,00	1237,91
220,00	1262,72
221,00	1240,95
222,00	1231,82
223,00	1248,21
224,00	1235,80
225,00	1245,87
226,00	1236,04
227,00	1246,80
228,00	1229,25
229,00	1242,59
230,00	1242,12
231,00	1266,93
232,00	1251,95
233,00	1246,10
234,00	1237,21
235,00	1239,78
236,00	1276,06
237,00	1227,14
238,00	1228,31
239,00	1235,33
240,00	1249,85
241,00	1273,02
242,00	1255,00
243,00	1266,93
244,00	1227,85
245,00	1239,78
246,00	1253,12
247,00	1253,59
248,00	1264,59
249,00	1248,68
250,00	1263,66
251,00	1254,53
252,00	1256,87
253,00	1235,10
254,00	1247,74
255,00	1236,97
256,00	1261,08
257,00	1251,48
258,00	1248,21
259,00	1251,02
260,00	1239,78
261,00	1236,51
262,00	1234,40
263,00	1243,76
264,00	1249,38
265,00	1255,93
266,00	1258,97
267,00	1248,21
268,00	1266,23
269,00	1268,10
270,00	1260,38
271,00	1255,93
272,00	1246,57
273,00	1248,44
274,00	1246,80
275,00	1266,70
276,00	1229,95
277,00	1249,14
278,00	1263,19
279,00	1262,72
280,00	1230,65
281,00	1256,63
282,00	1257,57
283,00	1255,46
284,00	1263,19
285,00	1256,87
286,00	1247,04
287,00	1247,04
288,00	1246,57
289,00	1235,10
290,00	1251,72
291,00	1254,76
292,00	1249,85
293,00	1260,38
294,00	1258,04
295,00	1250,31
296,00	1265,06
297,00	1242,12
298,00	1254,06
299,00	1240,02
300,00	1246,10
301,00	1251,95
302,00	1259,44
303,00	1256,87
304,00	1253,36
305,00	1266,23
306,00	1259,68
307,00	1247,97
308,00	1252,42
309,00	1251,25
310,00	1250,31
311,00	1250,55
312,00	1266,23
313,00	1255,46
314,00	1230,65
315,00	1242,12
316,00	1236,97
317,00	1256,40
318,00	1251,25
319,00	1241,65
320,00	1238,85
321,00	1251,95
322,00	1251,95
323,00	1263,19
324,00	1241,65
325,00	1249,14
326,00	1253,82
327,00	1255,46
328,00	1253,82
329,00	1262,48
330,00	1239,55
331,00	1242,59
332,00	1259,91
333,00	1251,02
334,00	1259,68
335,00	1254,53
336,00	1258,27
337,00	1258,51
338,00	1262,95
339,00	1264,36
340,00	1238,61
341,00	1226,44
342,00	1234,63
343,00	1263,42
344,00	1255,70
345,00	1255,23
346,00	1239,31
347,00	1253,36
348,00	1255,93
349,00	1266,23
350,00	1248,68
351,00	1248,44
352,00	1284,72
353,00	1251,02
354,00	1255,93
355,00	1257,34
356,00	1251,48
357,00	1273,49
358,00	1250,31
359,00	1243,06
360,00	1241,42
361,00	1246,34
362,00	1257,80
363,00	1249,38
364,00	1254,76
365,00	1245,16
366,00	1261,55
367,00	1242,36
368,00	1261,55
369,00	1247,04
370,00	1234,16
371,00	1244,93
372,00	1271,14
373,00	1243,29
374,00	1247,27
375,00	1250,55
376,00	1241,19
377,00	1299,70
378,00	1244,93
379,00	1242,82
380,00	1254,29
381,00	1269,04
382,00	1255,23
383,00	1260,61
384,00	1264,83
385,00	1236,74
386,00	1280,98
387,00	1270,68
388,00	1266,46
389,00	1264,59
390,00	1259,68
391,00	1236,74
392,00	1257,10
393,00	1259,44
394,00	1263,19
395,00	1236,74
396,00	1267,87
397,00	1245,87
398,00	1264,83
399,00	1239,08
400,00	1255,46
401,00	1261,55
402,00	1251,25
403,00	1251,02
404,00	1258,51
405,00	1234,87
406,00	1247,04
407,00	1253,82
408,00	1249,85
409,00	1261,31
410,00	1256,87
411,00	1259,21
412,00	1261,31
413,00	1246,80
414,00	1270,21
415,00	1255,70
416,00	1273,95
417,00	1233,70
418,00	1254,06
419,00	1257,10
420,00	1273,49
421,00	1272,55
422,00	1261,55
423,00	1263,89
424,00	1253,12
425,00	1268,10
426,00	1261,78
427,00	1274,89
428,00	1265,29
429,00	1247,74
430,00	1257,10
431,00	1245,40
432,00	1226,21
433,00	1261,31
434,00	1243,99
435,00	1273,95
436,00	1264,83
437,00	1269,04
438,00	1267,87
439,00	1242,12
440,00	1262,72
441,00	1245,16
442,00	1267,17
443,00	1255,46
444,00	1238,14
445,00	1251,02
446,00	1261,31
447,00	1268,80
448,00	1277,23
449,00	1251,02
450,00	1239,78
451,00	1268,57
452,00	1253,82
453,00	1254,76
454,00	1252,89
455,00	1257,10
456,00	1240,02
457,00	1267,40
458,00	1251,72
459,00	1250,31
460,00	1257,10
461,00	1255,93
462,00	1243,29
463,00	1236,04
464,00	1259,21
465,00	1250,55
466,00	1267,17
467,00	1232,76
468,00	1254,06
469,00	1262,25
470,00	1265,29
471,00	1252,89
472,00	1266,00
473,00	1250,55
474,00	1243,53
475,00	1247,04
476,00	1242,12
477,00	1251,25
478,00	1259,44
479,00	1241,42
480,00	1264,36
481,00	1248,44
482,00	1249,14
483,00	1274,19
484,00	1239,31
485,00	1268,80
486,00	1260,61
487,00	1260,38
488,00	1254,53
489,00	1258,27
490,00	1248,44
491,00	1244,70
492,00	1240,72
493,00	1252,65
494,00	1252,65
495,00	1252,42
496,00	1254,29
497,00	1243,29
498,00	1255,23
499,00	1251,72
500,00	1259,21
501,00	1261,31
502,00	1250,78
503,00	1255,46
504,00	1248,44
505,00	1266,46
506,00	1273,25
507,00	1270,44
508,00	1269,74
509,00	1254,06
510,00	1252,89
511,00	1248,44
512,00	1262,25
513,00	1256,63
514,00	1287,76
515,00	1240,02
516,00	1255,70
517,00	1252,89
518,00	1258,74
519,00	1230,42
520,00	1249,85
521,00	1241,89
522,00	1266,70
523,00	1272,32
524,00	1270,68
525,00	1263,66
526,00	1250,08
527,00	1250,55
528,00	1265,29
529,00	1263,19
530,00	1262,72
531,00	1252,19
532,00	1239,08
533,00	1278,40
534,00	1267,40
535,00	1257,34
536,00	1267,40
537,00	1248,68
538,00	1260,38
539,00	1257,80
540,00	1246,57
541,00	1262,25
542,00	1258,74
543,00	1262,25
544,00	1276,53
545,00	1252,65
546,00	1271,38
547,00	1268,57
548,00	1260,85
549,00	1251,72
550,00	1253,12
551,00	1258,74
552,00	1270,91
553,00	1268,10
554,00	1260,85
555,00	1266,23
556,00	1239,08
557,00	1280,98
558,00	1228,31
559,00	1260,38
560,00	1269,74
561,00	1243,53
562,00	1268,10
563,00	1253,12
564,00	1254,06
565,00	1275,36
566,00	1267,63
567,00	1272,32
568,00	1256,40
569,00	1253,59
570,00	1264,36
571,00	1239,78
572,00	1256,17
573,00	1256,40
574,00	1250,31
575,00	1267,17
576,00	1275,12
577,00	1249,14
578,00	1249,85
579,00	1256,17
580,00	1262,72
581,00	1239,55
582,00	1263,89
583,00	1243,29
584,00	1240,72
585,00	1264,59
586,00	1267,40
587,00	1245,63
588,00	1270,21
589,00	1249,14
590,00	1260,14
591,00	1246,57
592,00	1254,06
593,00	1256,63
594,00	1258,04
595,00	1247,97
596,00	1248,44
597,00	1270,44
598,00	1254,29
599,00	1250,55
600,00	1250,08
601,00	1445,51
602,00	1284,72
603,00	1261,55
604,00	1267,87
605,00	1271,61
606,00	1275,36
607,00	1258,97
608,00	1259,91
609,00	1267,17
610,00	1259,21
611,00	1260,38
612,00	1253,12
613,00	1246,57
614,00	1248,21
615,00	1262,02
616,00	1258,27
617,00	1280,04
618,00	1270,68
619,00	1239,08
620,00	1253,36
621,00	1248,91
622,00	1263,42
623,00	1255,70
624,00	1245,17
625,00	1255,00
626,00	1262,95
627,00	1252,19
628,00	1253,82
629,00	1264,59
630,00	1250,55
631,00	1251,72
632,00	1246,80
633,00	1251,95
634,00	1247,04
635,00	1271,61
636,00	1258,74
637,00	1255,00
638,00	1246,34
639,00	1254,06
640,00	1240,02
641,00	1256,63
642,00	1255,93
643,00	1251,48
644,00	1245,63
645,00	1270,91
646,00	1261,08
647,00	1256,63
648,00	1239,08
649,00	1262,48
650,00	1239,78
651,00	1260,38
652,00	1268,10
653,00	1253,82
654,00	1256,17
655,00	1259,44
656,00	1274,19
657,00	1261,31
658,00	1243,29
659,00	1264,83
660,00	1312,34
661,00	1260,85
662,00	1265,76
663,00	1279,34
664,00	1249,61
665,00	1260,61
666,00	1289,87
667,00	1262,25
668,00	1260,85
669,00	1260,61
670,00	1258,27
671,00	1247,04
672,00	1264,83
673,00	1267,17
674,00	1259,91
675,00	1241,89
676,00	1273,25
677,00	1264,36
678,00	1250,55
679,00	1259,68
680,00	1265,29
681,00	1242,12
682,00	1255,23
683,00	1259,21
684,00	1254,06
685,00	1247,51
686,00	1251,02
687,00	1269,74
688,00	1248,44
689,00	1292,44
690,00	1295,49
691,00	1261,78
692,00	1247,27
693,00	1246,10
694,00	1247,74
695,00	1267,40
696,00	1267,63
697,00	1262,25
698,00	1256,17
699,00	1282,15
700,00	1246,57
701,00	1249,85
702,00	1264,36
703,00	1243,99
704,00	1273,95
705,00	1250,31
706,00	1285,89
707,00	1254,06
708,00	1277,23
709,00	1251,25
710,00	1246,57
711,00	1248,44
712,00	1252,89
713,00	1252,65
714,00	1257,34
715,00	1250,55
716,00	1244,70
717,00	1264,36
718,00	1248,44
719,00	1247,04
720,00	1251,95
721,00	1277,00
722,00	1253,36
723,00	1305,08
724,00	1290,57
725,00	1240,72
726,00	1263,89
727,00	1252,19
728,00	1287,76
729,00	1269,27
730,00	1238,38
731,00	1281,91
732,00	1269,04
733,00	1249,61
734,00	1263,89
735,00	1268,57
736,00	1248,91
737,00	1264,59
738,00	1258,97
739,00	1257,10
740,00	1267,63
741,00	1255,46
742,00	1294,55
743,00	1262,25
744,00	1256,40
745,00	1237,68
746,00	1248,68
747,00	1266,46
748,00	1289,17
749,00	1272,78
750,00	1294,08
751,00	1267,63
752,00	1316,32
753,00	1344,17
754,00	1398,70
755,00	1466,58
756,00	1600,22
757,00	1820,94
758,00	2228,89
759,00	2278,04
760,00	2025,50
761,00	1732,23
762,00	1598,59
763,00	1477,35
764,00	1380,45
765,00	1332,23
766,00	1272,32
767,00	1286,12
768,00	1262,95
769,00	1269,74
770,00	1278,17
771,00	1266,23
772,00	1240,72
773,00	1258,04
774,00	1269,97
775,00	1273,02
776,00	1273,25
777,00	1268,80
778,00	1268,34
779,00	1258,74
780,00	1268,57
781,00	1273,02
782,00	1269,04
783,00	1260,14
784,00	1296,19
785,00	1271,85
786,00	1259,68
787,00	1261,78
788,00	1259,68
789,00	1274,89
790,00	1279,80
791,00	1248,68
792,00	1284,49
793,00	1313,98
794,00	1310,23
795,00	1321,47
796,00	1298,53
797,00	1277,23
798,00	1282,38
799,00	1277,00
800,00	1270,68
801,00	1266,23
802,00	1284,49
803,00	1277,93
804,00	1262,72
805,00	1262,48
806,00	1285,19
807,00	1278,17
808,00	1268,10
809,00	1243,06
810,00	1275,12
811,00	1262,95
812,00	1260,61
813,00	1264,83
814,00	1266,93
815,00	1271,14
816,00	1280,74
817,00	1260,85
818,00	1256,63
819,00	1291,74
820,00	1251,95
821,00	1278,63
822,00	1269,74
823,00	1268,34
824,00	1260,61
825,00	1272,32
826,00	1284,25
827,00	1307,19
828,00	1332,23
829,00	1354,94
830,00	1443,88
831,00	1550,84
832,00	1552,48
833,00	1465,64
834,00	1390,51
835,00	1355,64
836,00	1327,08
837,00	1292,44
838,00	1291,04
839,00	1265,06
840,00	1269,04
841,00	1710,46
842,00	1293,15
843,00	1275,83
844,00	1273,49
845,00	1275,12
846,00	1286,83
847,00	1252,65
848,00	1282,61
849,00	1281,21
850,00	1264,36
851,00	1248,21
852,00	1260,14
853,00	1281,21
854,00	1247,74
855,00	1240,72
856,00	1268,10
857,00	1268,80
858,00	1273,25
859,00	1258,04
860,00	1258,04
861,00	1261,08
862,00	1271,38
863,00	1263,66
864,00	1263,19
865,00	1271,14
866,00	1300,64
867,00	1288,00
868,00	1347,68
869,00	1364,77
870,00	1338,32
871,00	1321,23
872,00	1310,70
873,00	1258,04
874,00	1276,76
875,00	1280,51
876,00	1259,21
877,00	1255,00
878,00	1277,70
879,00	1265,76
880,00	1278,87
881,00	1249,14
882,00	1296,66
883,00	1267,87
884,00	1260,14
885,00	1273,49
886,00	1227,61
887,00	1263,89
888,00	1262,48
889,00	1274,89
890,00	1286,12
891,00	1268,57
892,00	1255,70
893,00	1262,02
894,00	1248,91
895,00	1256,87
896,00	1253,36
897,00	1258,74
898,00	1272,32
899,00	1255,70
900,00	1278,40
901,00	1261,08
902,00	1260,61
903,00	1307,89
904,00	1283,08
905,00	1313,74
906,00	1340,42
907,00	1404,32
908,00	1421,88
909,00	1383,96
910,00	1338,08
911,00	1299,93
912,00	1297,12
913,00	1284,72
914,00	1278,63
915,00	1272,55
916,00	1275,36
917,00	1265,06
918,00	1261,78
919,00	1271,61
920,00	1273,49
921,00	1259,44
922,00	1259,68
923,00	1263,66
924,00	1263,19
925,00	1268,34
926,00	1266,23
927,00	1257,10
928,00	1255,46
929,00	1277,46
930,00	1253,82
931,00	1257,57
932,00	1276,53
933,00	1264,12
934,00	1251,72
935,00	1264,83
936,00	1259,91
937,00	1261,08
938,00	1264,12
939,00	1282,85
940,00	1268,34
941,00	1274,42
942,00	1270,91
943,00	1274,42
944,00	1295,02
945,00	1307,19
946,00	1368,75
947,00	1372,72
948,00	1386,07
949,00	1341,83
950,00	1320,76
951,00	1299,47
952,00	1278,63
953,00	1277,70
954,00	1257,80
955,00	1269,74
956,00	1236,04
957,00	1252,19
958,00	1271,61
959,00	1261,08
960,00	1261,31
961,00	1273,95
962,00	1249,85
963,00	1262,95
964,00	1301,10
965,00	1250,31
966,00	1280,04
967,00	1252,19
968,00	1277,00
969,00	1276,76
970,00	1267,40
971,00	1274,19
972,00	1258,74
973,00	1254,76
974,00	1272,78
975,00	1262,72
976,00	1240,48
977,00	1254,53
978,00	1248,68
979,00	1267,17
980,00	1246,10
981,00	1275,36
982,00	1266,46
983,00	1258,27
984,00	1275,59
985,00	1281,68
986,00	1304,38
987,00	1321,47
988,00	1335,74
989,00	1316,08
990,00	1288,70
991,00	1287,53
992,00	1272,55
993,00	1271,61
994,00	1248,68
995,00	1271,38
996,00	1242,82
997,00	1275,83
998,00	1258,97
999,00	1267,87
1000,00	1250,78
1001,00	1275,83
1002,00	1241,89
1003,00	1245,63
1004,00	1279,57
1005,00	1260,61
1006,00	1249,14
1007,00	1258,04
1008,00	1250,78
1009,00	1259,91
1010,00	1249,61
1011,00	1242,59
1012,00	1258,74
1013,00	1264,36
1014,00	1249,38
1015,00	1249,14
1016,00	1228,78
1017,00	1252,19
1018,00	1259,68
1019,00	1261,78
1020,00	1248,44
1021,00	1248,44
1022,00	1255,23
1023,00	1264,83
1024,00	1261,55
1025,00	1263,42
1026,00	1295,49
1027,00	1330,13
1028,00	1378,81
1029,00	1374,60
1030,00	1382,32
1031,00	1327,08
1032,00	1319,59
1033,00	1297,59
1034,00	1300,17
1035,00	1291,51
1036,00	1287,06
1037,00	1274,66
1038,00	1277,00
1039,00	1269,97
1040,00	1258,74
1041,00	1265,53
1042,00	1280,98
1043,00	1265,06
1044,00	1325,91
1045,00	1256,40
1046,00	1274,19
1047,00	1260,61
1048,00	1266,70
1049,00	1275,36
1050,00	1272,78
1051,00	1247,27
1052,00	1283,08
1053,00	1255,00
1054,00	1252,65
1055,00	1286,83
1056,00	1276,29
1057,00	1266,70
1058,00	1242,36
1059,00	1258,74
1060,00	1260,38
1061,00	1261,55
1062,00	1266,46
1063,00	1249,14
1064,00	1276,76
1065,00	1270,91
1066,00	1256,87
1067,00	1252,19
1068,00	1276,53
1069,00	1255,46
1070,00	1287,53
1071,00	1271,85
1072,00	1285,66
1073,00	1280,04
1074,00	1286,59
1075,00	1280,51
1076,00	1258,51
1077,00	1262,02
1078,00	1272,08
1079,00	1268,57
1080,00	1293,38
1081,00	1266,93
1082,00	1261,31
1083,00	1243,29
1084,00	1265,06
1085,00	1272,78
1086,00	1248,68
1087,00	1271,38
1088,00	1241,42
1089,00	1250,55
1090,00	1239,78
1091,00	1265,76
1092,00	1252,42
1093,00	1284,72
1094,00	1265,76
1095,00	1248,44
1096,00	1266,23
1097,00	1277,46
1098,00	1254,06
1099,00	1267,87
1100,00	1247,04
1101,00	1255,93
1102,00	1255,00
1103,00	1257,57
1104,00	1264,36
1105,00	1281,21
1106,00	1271,61
1107,00	1268,34
1108,00	1266,00
1109,00	1261,31
1110,00	1280,51
1111,00	1288,46
1112,00	1295,95
1113,00	1330,83
1114,00	1363,60
1115,00	1368,04
1116,00	1371,32
1117,00	1342,53
1118,00	1305,32
1119,00	1304,85
1120,00	1288,23
1121,00	1286,59
1122,00	1266,00
1123,00	1261,78
1124,00	1265,76
1125,00	1257,57
1126,00	1268,34
1127,00	1265,53
1128,00	1294,08
1129,00	1258,74
1130,00	1260,38
1131,00	1259,21
1132,00	1251,02
1133,00	1271,38
1134,00	1258,04
1135,00	1277,46
1136,00	1283,08
1137,00	1274,19
1138,00	1266,70
1139,00	1260,61
1140,00	1247,74
1141,00	1258,74
1142,00	1250,08
1143,00	1265,76
1144,00	1269,27
1145,00	1278,40
1146,00	1259,91
1147,00	1255,00
1148,00	1250,55
1149,00	1257,57
1150,00	1249,61
1151,00	1250,78
1152,00	1266,23
1153,00	1256,87
1154,00	1252,19
1155,00	1255,70
1156,00	1258,51
1157,00	1260,61
1158,00	1261,78
1159,00	1252,19
1160,00	1250,55
1161,00	1251,25
1162,00	1265,53
1163,00	1263,66
1164,00	1243,29
1165,00	1288,00
1166,00	1255,70
1167,00	1267,17
1168,00	1252,65
1169,00	1251,72
1170,00	1253,59
1171,00	1272,78
1172,00	1245,16
1173,00	1251,95
1174,00	1276,06
1175,00	1256,40
1176,00	1260,85
1177,00	1261,55
1178,00	1271,85
1179,00	1270,68
1180,00	1252,19
1181,00	1250,78
1182,00	1261,55
1183,00	1278,40
1184,00	1254,76
1185,00	1262,48
1186,00	1259,68
1187,00	1261,55
1188,00	1251,25
1189,00	1250,08
1190,00	1259,44
1191,00	1257,34
1192,00	1261,31
1193,00	1254,29
1194,00	1252,89
1195,00	1258,74
1196,00	1268,57
1197,00	1253,36
1198,00	1247,74
1199,00	1270,68
1200,00	1277,23
1201,00	1261,31
1202,00	1271,14
1203,00	1299,23
1204,00	1318,42
1205,00	1346,04
1206,00	1362,89
1207,00	1363,36
1208,00	1333,87
1209,00	1311,40
1210,00	1288,00
1211,00	1295,25
1212,00	1275,12
1213,00	1259,91
1214,00	1268,80
1215,00	1272,78
1216,00	1262,02
1217,00	1264,83
1218,00	1263,89
1219,00	1249,85
1220,00	1256,40
1221,00	1273,49
1222,00	1249,38
1223,00	1246,57
1224,00	1253,36
1225,00	1250,08
1226,00	1241,89
1227,00	1255,93
1228,00	1227,38
1229,00	1238,85
1230,00	1262,72
1231,00	1251,95
1232,00	1260,61
1233,00	1263,66
1234,00	1270,44
1235,00	1248,68
1236,00	1267,17
1237,00	1265,53
1238,00	1276,53
1239,00	1247,04
1240,00	1253,36
1241,00	1263,19
1242,00	1269,04
1243,00	1259,91
1244,00	1253,59
1245,00	1261,31
1246,00	1257,80
1247,00	1262,25
1248,00	1264,12
1249,00	1260,14
1250,00	1243,29
1251,00	1258,97
1252,00	1260,38
1253,00	1273,49
1254,00	1243,29
1255,00	1282,38
1256,00	1258,27
1257,00	1260,14
1258,00	1260,14
1259,00	1240,02
1260,00	1250,08
1261,00	1261,31
1262,00	1273,49
1263,00	1242,36
1264,00	1274,19
1265,00	1251,02
1266,00	1276,29
1267,00	1279,80
1268,00	1246,57
1269,00	1245,40
1270,00	1269,04
1271,00	1248,44
1272,00	1247,04
1273,00	1254,29
1274,00	1261,31
1275,00	1255,00
1276,00	1288,00
1277,00	1316,79
1278,00	1262,48
1279,00	1247,51
1280,00	1250,31
1281,00	1236,97
1282,00	1256,63
1283,00	1257,34
1284,00	1240,25
1285,00	1293,38
1286,00	1275,12
1287,00	1264,36
1288,00	1261,55
1289,00	1300,40
1290,00	1258,27
1291,00	1262,95
1292,00	1272,32
1293,00	1246,57
1294,00	1267,17
1295,00	1257,34
1296,00	1259,44
1297,00	1276,76
1298,00	1273,25
1299,00	1267,63
1300,00	1321,47
1301,00	1349,08
1302,00	1354,00
1303,00	1339,02
1304,00	1304,85
1305,00	1306,72
1306,00	1296,66
1307,00	1276,06
1308,00	1273,49
1309,00	1270,91
1310,00	1273,02
1311,00	1257,34
1312,00	1266,93
1313,00	1265,06
1314,00	1261,55
1315,00	1244,70
1316,00	1244,70
1317,00	1241,89
1318,00	1269,51
1319,00	1275,59
1320,00	1262,25
1321,00	1255,70
1322,00	1309,53
1323,00	1234,40
1324,00	1250,78
1325,00	1254,06
1326,00	1253,12
1327,00	1264,12
1328,00	1264,36
1329,00	1240,48
1330,00	1257,10
1331,00	1256,17
1332,00	1260,85
1333,00	1251,95
1334,00	1267,87
1335,00	1257,10
1336,00	1263,19
1337,00	1266,93
1338,00	1252,42
1339,00	1239,78
1340,00	1251,95
1341,00	1273,49
1342,00	1258,04
1343,00	1254,06
1344,00	1267,87
1345,00	1263,19
1346,00	1251,02
1347,00	1246,10
1348,00	1248,68
1349,00	1258,04
1350,00	1295,02
1351,00	1288,93
1352,00	1267,63
1353,00	1284,25
1354,00	1298,53
1355,00	1264,36
1356,00	1249,61
1357,00	1254,53
1358,00	1269,74
1359,00	1264,12
1360,00	1263,19
1361,00	1267,63
1362,00	1251,25
1363,00	1249,14
1364,00	1273,72
1365,00	1290,81
1366,00	1245,40
1367,00	1271,14
1368,00	1249,85
1369,00	1252,19
1370,00	1264,36
1371,00	1267,40
1372,00	1270,68
1373,00	1259,91
1374,00	1258,27
1375,00	1263,66
1376,00	1256,40
1377,00	1263,66
1378,00	1258,51
1379,00	1260,14
1380,00	1260,38
1381,00	1269,27
1382,00	1262,02
1383,00	1276,06
1384,00	1267,87
1385,00	1263,42
1386,00	1267,87
1387,00	1258,51
1388,00	1260,14
1389,00	1252,89
1390,00	1254,76
1391,00	1235,80
1392,00	1280,27
1393,00	1254,76
1394,00	1257,80
1395,00	1254,29
1396,00	1267,17
1397,00	1270,21
1398,00	1301,34
1399,00	1411,11
1400,00	1285,42
1401,00	1305,55
1402,00	1366,64
1403,00	1306,96
1404,00	1274,42
1405,00	1298,06
1406,00	1292,68
1407,00	1268,10
1408,00	1256,17
1409,00	1270,91
1410,00	1263,19
1411,00	1441,77
1412,00	1288,00
1413,00	1250,31
1414,00	1256,63
1415,00	1249,38
1416,00	1265,06
1417,00	1252,42
1418,00	1274,89
1419,00	1269,27
1420,00	1261,78
1421,00	1250,31
1422,00	1263,89
1423,00	1241,19
1424,00	1264,36
1425,00	1249,61
1426,00	1262,02
1427,00	1269,27
1428,00	1241,19
1429,00	1259,21
1430,00	1240,95
1431,00	1245,16
1432,00	1253,12
1433,00	1247,04
1434,00	1255,23
1435,00	1269,04
1436,00	1268,57
1437,00	1272,55
1438,00	1257,80
1439,00	1265,29
1440,00	1253,59
1441,00	1254,29
1442,00	1242,82
1443,00	1241,89
1444,00	1251,72
1445,00	1266,46
1446,00	1250,31
1447,00	1246,57
1448,00	1255,00
1449,00	1256,17
1450,00	1254,29
1451,00	1258,27
1452,00	1275,83
1453,00	1266,70
1454,00	1280,98
1455,00	1273,72
1456,00	1273,49
1457,00	1285,42
1458,00	1286,12
1459,00	1277,93
1460,00	1251,72
1461,00	1264,59
1462,00	1264,12
1463,00	1259,68
1464,00	1235,10
1465,00	1275,83
1466,00	1257,57
1467,00	1261,08
1468,00	1260,38
1469,00	1243,99
1470,00	1269,74
1471,00	1254,53
1472,00	1253,12
1473,00	1250,08
1474,00	1252,42
1475,00	1255,00
1476,00	1268,57
1477,00	1275,12
1478,00	1252,89
1479,00	1263,19
1480,00	1270,44
1481,00	1264,36
1482,00	1255,93
1483,00	1245,16
1484,00	1277,23
1485,00	1273,72
1486,00	1277,46
1487,00	1257,34
1488,00	1262,48
1489,00	1252,42
1490,00	1247,51
1491,00	1272,32
1492,00	1265,29
1493,00	1258,27
1494,00	1240,72
1495,00	1266,93
1496,00	1257,57
1497,00	1276,53
1498,00	1288,23
1499,00	1233,70
1500,00	1246,10
1501,00	1260,14
1502,00	1265,53
1503,00	1264,83
1504,00	1250,31
1505,00	1262,95
1506,00	1256,63
1507,00	1262,48
1508,00	1275,59
1509,00	1273,49
1510,00	1285,42
1511,00	1282,38
1512,00	1269,97
1513,00	1271,61
1514,00	1265,29
1515,00	1257,10
1516,00	1284,49
1517,00	1268,34
1518,00	1255,46
1519,00	1246,57
1520,00	1256,87
1521,00	1280,27
1522,00	1261,55
1523,00	1260,38
1524,00	1255,23
1525,00	1236,04
1526,00	1258,27
1527,00	1241,42
1528,00	1251,02
1529,00	1245,40
1530,00	1247,04
1531,00	1272,32
1532,00	1272,08
1533,00	1257,80
1534,00	1253,82
1535,00	1260,38
1536,00	1243,99
1537,00	1255,00
1538,00	1257,80
1539,00	1254,06
1540,00	1247,04
1541,00	1255,00
1542,00	1264,36
1543,00	1261,55
1544,00	1244,93
1545,00	1233,70
1546,00	1262,02
1547,00	1266,00
1548,00	1250,08
1549,00	1252,89
1550,00	1258,74
1551,00	1251,95
1552,00	1268,80
1553,00	1269,04
1554,00	1250,08
1555,00	1273,95
1556,00	1243,99
1557,00	1250,31
1558,00	1270,91
1559,00	1260,85
1560,00	1269,74
1561,00	1253,59
1562,00	1247,51
1563,00	1280,51
1564,00	1293,38
1565,00	1261,55
1566,00	1282,61
1567,00	1288,00
1568,00	1284,25
1569,00	1269,27
1570,00	1279,57
1571,00	1271,14
1572,00	1283,08
1573,00	1245,87
1574,00	1259,91
1575,00	1264,12
1576,00	1267,17
1577,00	1247,97
1578,00	1268,34
1579,00	1260,85
1580,00	1265,53
1581,00	1254,76
1582,00	1252,65
1583,00	1278,17
1584,00	1290,34
1585,00	1267,63
1586,00	1273,02
1587,00	1269,04
1588,00	1264,36
1589,00	1251,72
1590,00	1266,00
1591,00	1245,40
1592,00	1262,02
1593,00	1248,44
1594,00	1254,29
1595,00	1252,19
1596,00	1255,46
1597,00	1262,25
1598,00	1266,46
1599,00	1272,78
1600,00	1249,14
1601,00	1286,59
1602,00	1283,32
1603,00	1274,42
1604,00	1269,97
1605,00	1272,32
1606,00	1257,10
1607,00	1264,83
1608,00	1240,72
1609,00	1269,51
1610,00	1253,82
1611,00	1274,42
1612,00	1265,76
1613,00	1258,74
1614,00	1248,68
1615,00	1255,70
1616,00	1284,72
1617,00	1240,95
1618,00	1262,95
1619,00	1247,27
1620,00	1277,00
1621,00	1267,87
1622,00	1253,59
1623,00	1252,42
1624,00	1274,66
1625,00	1252,65
1626,00	1273,49
1627,00	1257,80
1628,00	1260,38
1629,00	1325,68
1630,00	1257,34
1631,00	1268,57
1632,00	1269,74
1633,00	1256,87
1634,00	1257,57
1635,00	1255,23
1636,00	1254,06
1637,00	1262,48
1638,00	1251,48
1639,00	1249,85
1640,00	1259,91
1641,00	1262,48
1642,00	1259,44
1643,00	1246,57
1644,00	1269,97
1645,00	1262,25
1646,00	1260,61
1647,00	1286,59
1648,00	1248,44
1649,00	1253,59
1650,00	1272,55
1651,00	1267,87
1652,00	1257,57
1653,00	1243,76
1654,00	1241,19
1655,00	1257,10
1656,00	1241,42
1657,00	1256,40
1658,00	1259,21
1659,00	1252,19
1660,00	1271,14
1661,00	1260,61
1662,00	1249,38
1663,00	1264,83
1664,00	1255,70
1665,00	1263,66
1666,00	1272,78
1667,00	1242,82
1668,00	1252,42
1669,00	1248,21
1670,00	1277,46
1671,00	1262,48
1672,00	1258,04
1673,00	1266,46
1674,00	1273,95
1675,00	1277,70
1676,00	1279,34
1677,00	1273,95
1678,00	1259,91
1679,00	1282,85
1680,00	1291,51
1681,00	1269,04
1682,00	1301,81
1683,00	1285,89
1684,00	1267,87
1685,00	1270,91
1686,00	1271,85
1687,00	1254,06
1688,00	1246,10
1689,00	1252,42
1690,00	1262,02
1691,00	1257,57
1692,00	1257,10
1693,00	1262,95
1694,00	1242,12
1695,00	1251,02
1696,00	1248,68
1697,00	1280,04
1698,00	1251,48
1699,00	1271,85
1700,00	1248,91
1701,00	1263,42
1702,00	1243,99
1703,00	1252,65
1704,00	1269,51
1705,00	1255,93
1706,00	1262,25
1707,00	1235,57
1708,00	1240,48
1709,00	1252,89
1710,00	1256,87
1711,00	1242,36
1712,00	1262,48
1713,00	1262,25
1714,00	1251,95
1715,00	1256,87
1716,00	1284,02
1717,00	1260,14
1718,00	1250,78
1719,00	1266,70
1720,00	1246,57
1721,00	1256,63
1722,00	1267,40
1723,00	1275,12
1724,00	1259,68
1725,00	1255,46
1726,00	1236,51
1727,00	1245,63
1728,00	1274,42
1729,00	1267,40
1730,00	1277,46
1731,00	1259,68
1732,00	1276,06
1733,00	1259,68
1734,00	1262,02
1735,00	1273,72
1736,00	1255,93
1737,00	1254,53
1738,00	1239,55
1739,00	1275,36
1740,00	1263,66
1741,00	1268,34
1742,00	1278,17
1743,00	1245,40
1744,00	1234,16
1745,00	1291,04
1746,00	1249,38
1747,00	1255,46
1748,00	1275,12
1749,00	1268,57
1750,00	1260,61
1751,00	1266,23
1752,00	1247,04
1753,00	1254,06
1754,00	1277,46
1755,00	1264,59
1756,00	1243,76
1757,00	1266,00
1758,00	1235,57
1759,00	1248,44
1760,00	1225,27
1761,00	1254,06
1762,00	1268,10
1763,00	1245,16
1764,00	1269,51
1765,00	1264,12
1766,00	1262,25
1767,00	1249,14
1768,00	1255,00
1769,00	1261,55
1770,00	1241,42
1771,00	1248,44
1772,00	1251,02
1773,00	1258,04
1774,00	1261,08
1775,00	1254,53
1776,00	1263,19
1777,00	1253,82
1778,00	1253,82
1779,00	1243,53
1780,00	1239,55
1781,00	1230,19
1782,00	1239,31
1783,00	1266,46
1784,00	1264,59
1785,00	1256,40
1786,00	1258,27
1787,00	1259,21
1788,00	1262,25
1789,00	1272,55
1790,00	1271,61
1791,00	1255,93
1792,00	1265,06
1793,00	1251,25
1794,00	1258,27
1795,00	1246,57
1796,00	1248,44
1797,00	1259,21
1798,00	1253,36
1799,00	1275,36
1800,00	1254,76
1801,00	1268,10
1802,00	1266,00
1803,00	1247,27
1804,00	1278,40
1805,00	1267,17
1806,00	1262,95
1807,00	1272,32
1808,00	1275,36
1809,00	1272,78
1810,00	1266,93
1811,00	1271,61
1812,00	1265,53
1813,00	1263,42
1814,00	1267,87
1815,00	1269,74
1816,00	1290,10
1817,00	1256,40
1818,00	1301,81
1819,00	1258,74
1820,00	1260,38
1821,00	1243,53
1822,00	1243,53
1823,00	1240,02
1824,00	1248,68
1825,00	1271,38
1826,00	1256,87
1827,00	1252,65
1828,00	1269,97
1829,00	1245,63
1830,00	1255,00
1831,00	1266,46
1832,00	1262,02
1833,00	1252,65
1834,00	1248,68
1835,00	1265,53
1836,00	1259,21
1837,00	1269,97
1838,00	1248,21
1839,00	1273,72
1840,00	1255,23
1841,00	1256,87
1842,00	1252,42
1843,00	1270,44
1844,00	1278,87
1845,00	1248,44
1846,00	1261,78
1847,00	1264,12
1848,00	1260,85
1849,00	1269,74
1850,00	1251,25
1851,00	1265,53
1852,00	1258,51
1853,00	1261,55
1854,00	1250,78
1855,00	1229,48
1856,00	1246,34
1857,00	1241,19
1858,00	1275,36
1859,00	1241,65
1860,00	1274,19
1861,00	1299,93
1862,00	1265,06
1863,00	1255,93
1864,00	1267,63
1865,00	1269,27
1866,00	1264,12
1867,00	1251,48
1868,00	1251,48
1869,00	1259,68
1870,00	1255,46
1871,00	1249,14
1872,00	1260,38
1873,00	1248,68
1874,00	1262,95
1875,00	1262,95
1876,00	1237,44
1877,00	1267,40
1878,00	1262,02
1879,00	1261,31
1880,00	1243,29
1881,00	1269,51
1882,00	1259,91
1883,00	1257,34
1884,00	1270,21
1885,00	1240,95
1886,00	1246,80
1887,00	1240,72
1888,00	1259,21
1889,00	1259,68
1890,00	1251,72
1891,00	1268,10
1892,00	1274,42
1893,00	1250,55
1894,00	1264,59
1895,00	1271,61
1896,00	1254,29
1897,00	1270,44
1898,00	1247,27
1899,00	1228,31
1900,00	1259,91
1901,00	1266,93
1902,00	1256,17
1903,00	1258,27
1904,00	1288,46
1905,00	1304,85
1906,00	1258,51
1907,00	1247,27
1908,00	1291,51
1909,00	1241,65
1910,00	1259,44
1911,00	1251,25
1912,00	1260,38
1913,00	1270,68
1914,00	1272,08
1915,00	1252,42
1916,00	1265,53
1917,00	1261,78
1918,00	1251,48
1919,00	1261,08
1920,00	1266,70
1921,00	1271,85
1922,00	1240,48
1923,00	1263,19
1924,00	1252,42
1925,00	1262,48
1926,00	1265,53
1927,00	1265,06
1928,00	1280,74
1929,00	1251,25
1930,00	1262,72
1931,00	1243,53
1932,00	1277,46
1933,00	1255,46
1934,00	1253,36
1935,00	1266,93
1936,00	1254,29
1937,00	1262,72
1938,00	1268,57
1939,00	1257,57
1940,00	1282,61
1941,00	1259,91
1942,00	1272,32
1943,00	1270,21
1944,00	1279,10
1945,00	1275,12
1946,00	1256,17
1947,00	1244,70
1948,00	1279,34
1949,00	1247,27
1950,00	1244,46
1951,00	1253,12
1952,00	1240,48
1953,00	1260,61
1954,00	1262,95
1955,00	1257,57
1956,00	1270,91
1957,00	1250,08
1958,00	1242,36
1959,00	1240,95
1960,00	1247,74
1961,00	1244,23
1962,00	1259,21
1963,00	1239,55
1964,00	1252,65
1965,00	1271,14
1966,00	1257,34
1967,00	1264,59
1968,00	1232,06
1969,00	1236,51
1970,00	1248,91
1971,00	1262,48
1972,00	1242,59
1973,00	1266,93
1974,00	1258,74
1975,00	1263,42
1976,00	1264,12
1977,00	1256,87
1978,00	1260,38
1979,00	1258,27
1980,00	1291,27
1981,00	1264,36
1982,00	1257,34
1983,00	1262,72
1984,00	1259,21
1985,00	1283,08
1986,00	1260,61
1987,00	1242,82
1988,00	1261,08
1989,00	1264,83
1990,00	1276,76
1991,00	1256,17
1992,00	1254,76
1993,00	1269,97
1994,00	1271,85
1995,00	1247,27
1996,00	1261,31
1997,00	1257,10
1998,00	1251,48
1999,00	1263,89
2000,00	1258,51
2001,00	1252,42
2002,00	1263,66
2003,00	1225,97
2004,00	1266,70
2005,00	1231,82
2006,00	1269,74
2007,00	1258,51
2008,00	1251,02
2009,00	1262,72
2010,00	1259,21
2011,00	1265,76
2012,00	1263,66
2013,00	1260,14
2014,00	1273,72
2015,00	1237,91
2016,00	1245,16
2017,00	1244,23
2018,00	1262,02
2019,00	1243,53
2020,00	1247,74
2021,00	1256,63
2022,00	1253,36
2023,00	1235,10
2024,00	1257,80
2025,00	1266,46
2026,00	1259,44
2027,00	1252,42
2028,00	1266,93
2029,00	1258,27
2030,00	1248,91
2031,00	1231,82
2032,00	1248,68
2033,00	1264,36
2034,00	1285,66
2035,00	1246,34
2036,00	1266,23
2037,00	1257,57
2038,00	1248,21
2039,00	1267,40
2040,00	1248,91
2041,00	1259,44
2042,00	1251,48
2043,00	1251,02
2044,00	1278,40
2045,00	1249,14
2046,00	1249,14
2047,00	1249,14
