1793
1800
0
0
0
0
0
0
0
0
0
0
0
0
0
0
0
0
0
0
0
0
0
0
0
0
0
0
0
0
0
0
0
0
0
0
0
0
0
0
0
0
0
0
0
0
0
0
0
0
0
0
0
0
0
0
0
0
0
0
0
0
0
0
0
0
0
0
0
0
0
0
0
0
0
0
0
0
0
0
0
0
0
0
107
502
599
597
653
691
689
789
846
897
912
992
1034
1175
1112
1276
1380
1456
1529
1638
1755
1908
1961
2057
2221
2436
2444
2461
2656
2742
2945
2953
3060
3001
3221
3255
3351
3424
3375
3541
3476
3564
3672
3623
3560
3565
3549
3564
3622
3547
3642
3428
3523
3426
3446
3353
3354
3113
3091
2990
2851
2747
2596
2521
2403
2137
2098
1988
2001
1877
1868
1705
1559
1518
1340
1281
1265
1135
1127
1028
939
902
838
877
739
692
678
669
638
597
596
483
512
472
441
498
412
428
438
451
417
396
411
432
408
386
388
365
362
386
402
390
413
389
419
402
431
442
476
478
496
448
460
516
490
477
537
522
570
533
566
579
601
577
589
581
645
674
651
726
680
687
660
725
734
744
742
750
761
772
769
773
810
811
842
859
813
791
819
858
912
873
906
852
885
862
922
885
941
916
961
903
919
893
885
947
962
950
924
903
935
960
872
919
908
908
911
967
923
884
931
921
918
950
833
920
880
886
944
851
852
818
855
878
821
823
795
835
785
818
776
778
740
732
772
707
749
749
683
716
689
700
688
685
711
622
643
631
642
618
583
600
575
595
608
609
592
614
554
557
559
569
551
599
592
628
577
583
578
592
589
641
582
627
639
650
634
724
673
734
718
752
780
843
873
899
927
960
955
996
1060
1070
1124
1129
1209
1234
1347
1311
1378
1336
1420
1497
1495
1522
1604
1628
1636
1670
1767
1677
1795
1786
1830
1780
1830
1905
1857
1813
1798
1861
1867
1882
1812
1802
1815
1772
1749
1736
1699
1735
1673
1584
1543
1555
1370
1506
1385
1342
1339
1306
1222
1166
1124
1068
1098
1005
999
957
925
846
889
794
735
742
690
665
667
636
598
602
578
581
526
551
524
524
474
499
515
457
479
435
479
418
456
448
442
440
413
474
435
417
393
438
462
438
425
445
437
434
435
401
463
404
428
428
432
402
441
445
466
414
430
465
399
452
436
483
442
446
417
457
412
418
421
473
421
461
486
444
429
389
430
463
419
475
424
458
470
437
403
418
430
443
469
438
435
389
396
420
425
457
441
452
448
402
453
425
414
408
410
427
423
409
393
397
419
420
417
401
415
401
397
437
399
401
401
376
366
418
386
416
384
363
375
374
368
350
384
397
332
400
386
373
366
396
379
353
345
370
346
363
327
347
340
365
364
310
342
321
323
304
352
341
336
318
321
318
339
338
330
296
306
297
308
324
306
288
305
328
340
301
313
297
315
295
332
317
290
279
298
299
281
311
316
284
287
306
287
299
319
308
247
281
282
264
277
286
268
291
305
305
295
265
296
332
280
324
306
299
286
293
314
286
295
305
309
265
322
299
277
265
308
304
277
287
280
265
273
270
289
277
293
290
261
295
307
285
297
295
275
261
273
299
282
299
276
264
269
278
282
265
264
260
263
294
240
300
306
275
258
278
307
287
300
314
290
289
299
286
308
318
296
305
279
295
264
326
308
310
293
323
268
332
316
323
335
322
318
369
333
377
348
340
379
361
366
360
335
365
390
368
339
366
369
408
377
390
403
372
377
381
403
435
382
406
420
389
470
424
415
409
416
405
413
446
397
436
413
389
425
409
422
406
439
424
379
412
389
410
403
403
421
373
426
390
337
355
392
381
354
344
342
351
337
358
348
355
344
297
317
325
303
304
320
308
285
290
292
265
271
272
250
276
271
282
254
226
245
230
221
231
205
222
221
218
217
234
205
217
201
186
207
199
186
200
181
188
201
174
171
185
148
154
173
180
173
173
172
173
145
148
155
165
139
158
157
177
171
166
187
158
138
137
162
166
135
153
154
128
142
153
145
182
141
145
123
170
151
134
145
143
144
142
143
142
140
146
132
121
160
146
139
125
103
147
149
133
153
138
154
134
139
137
128
167
138
145
126
137
121
126
130
140
127
135
139
141
135
118
141
130
127
155
133
123
135
114
109
139
123
127
140
130
115
129
125
144
127
140
109
129
152
126
98
125
121
150
125
152
117
134
127
160
114
145
127
130
115
115
147
114
132
152
120
125
129
131
140
123
125
128
138
120
121
128
156
146
142
155
161
139
137
144
168
177
145
186
157
184
185
183
180
175
188
185
189
190
208
200
191
202
224
198
227
224
224
207
258
253
253
273
297
284
280
288
280
296
311
348
323
322
370
330
314
340
342
379
373
379
356
379
361
386
401
399
414
403
401
437
415
451
411
463
438
470
490
490
500
490
501
507
478
475
516
489
506
506
487
517
556
503
483
501
468
525
490
531
524
526
495
531
525
507
514
469
528
476
466
483
455
460
485
448
442
456
484
428
424
425
430
433
430
390
416
390
378
412
396
370
389
368
357
326
352
370
328
302
312
296
307
296
311
272
268
261
278
241
256
244
219
224
204
222
215
225
219
219
216
185
189
192
190
151
186
164
161
139
132
143
146
157
130
130
130
141
133
138
111
122
98
106
104
114
105
117
92
98
104
94
87
93
87
106
94
86
111
86
105
90
96
86
73
77
87
102
81
84
76
89
81
88
74
90
82
85
80
83
69
87
80
69
71
78
74
76
70
91
69
104
80
80
70
74
77
73
91
94
87
103
58
80
85
76
93
74
75
77
90
85
83
83
93
76
79
103
83
84
78
82
89
78
91
87
85
81
92
81
72
105
84
88
100
93
85
90
88
79
78
84
85
81
79
95
95
82
91
115
86
97
86
99
93
91
108
77
90
95
88
88
90
90
100
95
98
100
79
80
92
79
96
93
91
93
101
115
85
97
98
81
95
78
95
87
102
93
95
110
79
89
84
88
94
100
75
86
87
77
65
97
70
91
94
83
90
87
99
91
86
80
96
99
59
95
81
92
90
87
113
101
84
93
87
94
109
109
101
111
91
75
91
82
95
72
77
107
95
94
93
92
101
92
104
98
91
107
76
72
93
88
87
95
91
77
80
102
83
90
92
93
88
85
85
96
92
88
71
70
101
87
88
80
81
74
89
93
95
70
79
79
76
90
83
83
70
78
66
75
91
81
77
66
63
79
95
85
68
65
70
81
80
70
64
65
54
65
74
77
63
65
82
73
70
69
85
64
63
58
56
66
57
63
80
55
68
62
74
75
64
57
61
56
74
70
54
49
44
56
53
60
69
58
60
61
74
60
71
53
59
63
71
61
71
64
55
53
61
54
55
68
64
63
50
73
66
58
52
49
59
55
52
55
69
60
61
68
56
60
51
55
61
62
53
59
55
54
63
66
46
53
69
71
64
58
57
51
52
54
53
58
58
56
52
63
58
57
59
54
53
56
62
57
63
48
59
52
49
57
46
58
48
65
58
65
56
73
73
57
72
56
52
58
63
62
58
64
66
48
56
52
64
57
58
64
61
50
46
64
52
46
46
47
45
61
54
59
58
63
49
66
71
39
49
46
47
47
67
48
54
49
46
48
52
53
58
55
51
61
48
48
52
79
42
58
49
52
65
52
40
45
49
52
61
49
59
36
53
65
56
48
56
45
51
59
42
54
43
43
61
54
38
54
50
58
43
58
57
60
54
50
64
45
47
45
57
42
63
53
43
50
55
42
52
62
54
53
52
49
54
45
51
47
39
51
54
54
49
63
79
52
46
54
46
53
51
56
54
55
60
68
49
52
45
52
59
59
58
65
63
46
60
55
52
56
60
64
48
43
59
56
54
61
53
51
56
46
50
45
33
59
61
52
64
57
49
45
65
55
46
45
60
46
61
59
50
49
45
47
44
54
51
47
40
52
62
59
56
53
54
50
59
52
41
65
53
52
53
52
49
36
54
48
52
50
65
58
47
63
49
46
43
68
53
42
46
50
37
44
38
48
48
63
49
47
34
52
44
50
58
48
51
52
49
52
47
47
36
52
64
42
42
55
61
47
57
50
47
54
57
46
49
46
48
42
36
45
49
51
38
34
44
51
52
51
50
46
48
45
41
42
54
48
42
45
46
40
43
52
63
40
40
50
38
38
57
40
48
50
48
45
38
38
36
49
46
44
71
48
39
50
42
44
47
42
39
49
42
42
44
39
43
48
37
49
42
47
40
48
39
53
50
47
54
53
33
36
42
39
45
34
46
39
45
47
33
33
45
47
39
47
32
40
39
37
37
35
39
33
35
52
46
43
53
40
42
39
36
33
42
34
34
49
45
44
40
34
32
39
53
47
30
41
33
38
47
44
44
41
32
40
31
42
48
42
42
47
41
44
47
43
33
53
39
37
40
43
48
39
35
46
32
34
35
38
35
49
34
42
36
31
35
39
39
48
35
44
40
35
38
52
43
43
41
37
52
45
44
45
41
34
48
41
38
33
44
40
43
45
43
41
41
50
42
33
31
37
37
40
42
36
46
43
55
39
46
45
65
48
39
48
39
46
42
44
48
44
47
41
44
51
51
41
49
44
41
50
44
46
46
41
39
40
56
55
42
48
68
54
57
45
51
37
39
34
38
53
54
55
60
42
50
69
48
39
49
54
51
38
79
47
38
48
43
54
51
46
40
49
46
37
45
37
34
50
53
47
52
43
51
42
43
34
45
44
36
51
59
44
46
49
51
39
50
47
47
54
56
44
51
48
54
41
48
46
54
37
49
40
40
36
53
56
36
42
55
40
39
44
38
44
38
38
36
41
47
40
47
43
40
44
46
34
53
32
49
46
32
50
44
41
54
46
42
44
34
47
46
57
38
39
47
43
42
37
37
48
43
36
28
43
37
55
42
53
42
33
29
41
42
51
43
44
36
35
50
37
41
41
51
45
43
47
47
39
57
45
43
38
37
52
44
46
49
46
28
45
32
50
48
42
43
46
36
34
54
38
41
34
39
48
40
31
45
42
47
40
54
60
46
40
45
44
50
55
42
47
52
56
48
49
59
51
52
51
48
59
56
63
47
39
43
51
44
54
53
56
57
66
52
57
50
65
49
54
49
49
46
62
50
74
71
69
57
63
69
62
65
55
86
67
69
65
72
63
69
61
61
65
75
68
72
74
75
77
87
81
78
80
85
66
82
70
75
71
75
71
66
74
82
83
84
93
84
86
70
81
94
94
95
82
67
81
102
84
79
89
81
77
83
90
86
84
84
89
92
80
97
102
89
92
99
88
78
85
80
67
87
74
85
73
73
68
87
80
82
85
81
85
94
76
88
76
77
68
81
83
85
75
86
81
92
70
83
73
79
73
80
79
82
75
68
81
68
70
64
72
71
66
72
71
71
65
63
65
73
51
74
67
70
46
73
60
72
64
53
65
65
63
66
69
61
63
67
60
56
64
47
49
51
43
63
51
45
37
47
57
46
57
48
56
42
55
38
50
39
48
35
55
56
51
41
49
37
49
42
36
33
41
47
34
32
42
34
49
39
32
42
48
29
42
40
39
43
36
38
38
41
35
32
45
39
39
35
32
39
23
34
31
32
29
37
35
45
40
33
36
35
35
40
37
40
33
33
22
45
30
33
31
50
37
47
38
39
54
40
37
49
37
24
42
39
30
39
32
33
31
33
50
29
40
40
37
35
42
46
23
49
45
31
40
45
37
29
33
38
47
37
43
47
35
36
42
38
31
55
36
45
51
38
34
33
38
47
37
36
37
28
42
44
36
34
30
38
30
47
31
35
34
19
48
35
40
34
37
34
40
49
50
26
46
41
47
43
43
45
49
45
41
44
43
44
41
40
37
50
38
44
39
41
30
42
33
42
34
33
33
53
46
28
39
26
41
44
34
38
46
35
36
43
40
34
38
24
40
29
37
29
46
40
34
29
27
36
49
39
47
36
44
29
40
35
40
34
41
37
30
36
32
44
42
25
34
30
28
34
29
30
37
24
36
28
20
30
36
30
28
33
26
38
23
26
32
24
16
30
34
24
24
38
20
26
27
37
21
25
43
29
36
22
29
28
28
26
26
32
23
29
30
25
29
24
28
25
21
23
23
28
19
36
18
28
28
19
22
19
24
31
25
30
24
38
30
22
20
29
20
26
24
35
27
24
27
38
25
28
24
21
26
40
44
33
27
37
38
37
28
23
36
32
24
27
33
29
31
36
31
29
35
40
29
29
34
34
34
35
30
35
39
34
39
27
46
30
31
43
41
39
30
35
44
35
28
37
41
40
39
44
44
44
29
39
49
47
47
42
47
47
51
50
44
41
51
54
55
51
55
49
55
54
30
40
47
54
52
46
52
45
48
66
54
47
62
71
71
50
58
46
59
74
57
63
42
55
54
65
46
64
53
63
50
65
56
59
53
51
48
57
48
69
55
73
65
38
54
75
68
52
52
59
65
68
62
60
63
63
64
50
50
45
48
60
65
58
62
75
70
65
54
63
63
50
52
74
66
64
57
57
54
57
60
58
50
63
57
59
56
52
73
44
53
59
69
53
61
63
49
37
58
60
44
46
58
52
42
48
43
48
37
44
70
52
50
44
45
48
48
57
37
39
42
54
43
44
53
48
42
48
34
43
60
57
45
46
31
43
47
43
34
38
35
24
36
44
34
31
36
34
30
21
25
33
37
28
25
31
33
43
32
39
35
30
31
30
29
28
26
28
37
31
37
37
23
24
28
18
27
28
26
18
20
29
19
25
31
25
21
25
29
30
30
22
22
26
20
24
23
22
23
20
20
24
22
18
27
24
23
23
21
26
22
21
25
18
21
22
17
21
17
23
16
14
22
21
18
10
27
26
13
18
20
17
22
18
7
15
18
20
21
19
20
16
23
25
19
27
16
18
22
23
24
14
21
18
19
20
29
16
20
16
17
23
21
31
31
15
16
23
21
20
19
21
18
19
31
24
25
19
24
20
27
20
23
23
23
32
32
23
22
17
22
25
28
24
34
23
21
27
31
27
34
28
28
23
29
26
18
28
36
28
32
30
40
34
25
28
27
25
34
25
31
35
36
48
33
31
34
29
43
32
31
44
52
38
43
47
42
37
41
38
30
39
36
50
33
40
42
46
52
42
39
33
36
47
42
42
36
46
65
50
49
50
53
56
44
45
52
50
53
40
45
55
59
58
47
48
53
60
46
61
64
45
43
58
62
54
63
49
64
72
54
53
65
62
53
54
56
61
48
62
47
66
68
76
76
72
61
54
66
70
67
55
68
67
51
73
60
49
57
64
81
68
68
64
56
62
79
70
55
65
74
58
75
75
79
61
58
65
65
67
49
70
69
66
64
59
65
64
71
71
59
73
78
67
70
67
64
68
64
69
58
73
75
70
61
73
70
64
55
63
80
67
65
59
76
58
66
75
71
53
77
68
51
48
71
71
60
55
55
61
62
57
57
70
72
49
57
52
52
50
56
65
56
59
60
56
55
63
66
57
49
49
52
63
50
43
53
55
56
45
55
51
49
36
49
44
37
48
55
47
42
44
39
32
49
47
48
45
43
31
37
41
45
54
49
40
44
41
31
39
45
38
25
40
34
40
41
34
38
34
22
38
31
37
34
39
33
36
21
31
32
33
37
26
42
17
27
26
33
33
31
24
33
34
25
26
25
26
28
27
15
18
23
23
20
20
18
24
22
21
24
18
27
11
18
24
17
26
22
15
21
18
22
18
15
11
30
12
15
20
21
14
21
14
22
23
19
18
13
21
20
16
15
13
9
10
14
13
13
10
12
13
12
12
15
16
19
21
21
14
14
9
12
17
12
13
15
15
7
9
8
14
12
10
14
14
14
13
10
8
16
11
14
11
12
8
9
8
12
15
9
8
4
15
15
9
7
9
11
9
11
13
18
11
12
12
6
7
9
11
13
6
5
16
9
13
10
8
14
5
15
12
8
11
14
7
10
16
10
11
12
12
7
10
11
6
9
9
9
12
5
13
11
5
8
16
14
5
16
4
17
7
19
9
9
3
9
9
7
8
9
10
8
7
7
7
11
7
9
16
15
15
7
2
11
8
10
7
8
6
11
10
7
7
9
10
10
5
9
8
5
15
12
11
10
8
11
9
9
11
4
9
5
8
10
5
9
11
6
8
6
9
10
8
11
5
9
6
5
5
10
6
7
10
7
13
7
10
5
10
3
4
11
11
7
8
6
12
8
9
11
6
9
5
7
7
12
4
7
1
6
3
4
6
4
6
7
7
13
6
5
11
4
11
11
3
9
3
8
6
5
7
11
6
9
3
7
7
8
4
11
5
6
13
9
7
5
6
3
6
3
12
8
7
5
8
3
6
5
4
7
8
4
8
6
2
8
3
8
4
5
6
1
9
3
7
8
5
6
5
5
8
6
7
3
10
12
5
10
6
5
4
7
10
5
8
6
3
5
7
4
11
4
5
9
6
9
9
8
4
7
7
10
7
8
6
4
3
4
7
7
7
6
7
11
4
9
3
4
11
3
4
9
1
6
3
3
2
4
7
11
9
6
11
6
3
6
11
5
2
7
6
13
4
7
8
3
6
8
8
8
5
10
9
12
6
4
6
3
9
8
7
5
2
3
11
5
8
4
4
8
5
7
8
6
7
10
8
10
2
8
3
3
7
5
6
5
4
8
5
11
8
7
5
5
9
6
5
9
9
2
2
5
8
5
5
6
5
3
6
6
5
7
2
4
3
7
9
2
5
5
4
5
4
5
2
6
4
5
5
7
3
8
4
5
8
3
4
10
6
3
4
6
2
7
5
3
4
4
7
5
6
2
4
5
3
3
8
1
5
3
8
3
3
3
4
8
3
4
2
5
5
6
0
7
3
6
3
3
3
3
4
3
8
3
5
11
5
4
0
3
6
6
8
8
5
7
3
4
9
6
5
7
9
8
3
9
7
11
9
6
9
16
6
9
6
6
16
5
7
6
11
5
4
9
14
4
9
11
10
4
12
8
7
3
10
13
11
9
12
12
9
11
13
12
10
12
12
9
7
12
16
4
9
12
18
16
15
15
16
24
18
16
16
10
18
20
6
14
16
14
13
24
16
14
20
16
24
12
17
26
21
25
25
20
22
26
24
30
21
25
23
24
26
18
26
20
32
25
16
25
28
35
22
29
28
30
21
31
22
22
21
34
24
29
28
38
25
24
33
36
28
25
28
26
29
24
17
33
24
31
30
34
27
46
32
28
39
36
47
27
39
34
38
31
42
20
43
44
26
35
37
30
41
32
34
26
28
35
38
30
32
42
38
32
36
47
38
35
29
33
36
36
26
31
50
32
43
36
42
30
32
37
37
35
34
39
46
38
35
39
35
39
28
37
47
26
38
33
46
34
36
43
31
28
29
35
35
40
33
25
44
36
41
32
29
35
30
30
29
24
30
34
33
37
35
32
31
36
23
37
37
40
34
34
23
29
17
29
27
33
34
34
22
23
21
34
24
36
29
31
27
25
24
30
21
36
22
24
27
26
21
25
32
23
29
25
22
26
18
27
21
13
34
27
25
12
25
22
14
20
26
26
22
17
15
17
25
24
23
12
15
23
16
27
19
18
22
14
21
24
21
12
20
21
14
22
16
15
20
19
15
13
16
13
22
18
28
16
12
7
12
13
16
17
20
13
14
7
13
14
18
9
18
10
14
12
18
15
21
7
15
16
14
18
15
13
14
6
8
12
8
6
10
9
10
13
9
6
14
7
5
11
8
5
6
8
10
6
12
12
5
4
6
7
11
7
7
11
8
4
9
6
11
11
7
5
4
10
2
5
4
7
3
7
6
1
8
10
9
6
5
11
2
8
9
5
4
5
7
4
3
4
8
7
9
7
8
6
3
8
3
2
5
5
5
4
2
1
2
7
3
10
3
6
4
5
4
2
7
3
5
4
6
0
2
3
4
4
2
3
6
6
2
4
2
3
1
7
4
2
3
4
4
4
5
2
2
2
2
2
1
2
3
2
1
4
0
3
1
0
3
1
2
3
5
1
3
4
2
1
2
3
1
1
3
3
3
1
2
0
1
2
3
0
6
3
2
0
2
1
1
3
1
1
3
1
0
2
2
0
3
1
3
3
0
0
3
1
5
3
2
2
3
2
3
0
3
1
3
3
2
1
0
1
2
4
0
1
6
2
1
0
3
2
2
2
4
1
1
1
1
2
2
2
3
3
2
3
3
0
1
1
3
1
1
3
4
1
3
0
1
3
0
1
3
1
1
1
3
2
2
2
1
1
1
0
2
0
3
1
5
3
2
1
0
0
2
1
0
1
0
1
2
0
1
0
3
1
4
0
1
0
0
2
0
2
2
2
3
2
2
1
0
0
1
2
0
1
2
1
1
1
0
1
1
0
0
1
1
1
0
1
2
1
1
2
1
0
2
1
1
0
2
1
2
3
0
2
1
1
0
2
1
1
2
2
2
1
0
1
0
0
0
1
0
1
2
2
0
4
2
0
2
1
0
0
1
0
1
1
2
0
2
4
1
1
0
0
2
0
2
2
0
0
3
0
0
1
0
0
1
1
1
0
1
0
1
1
1
0
2
1
1
1
1
0
5
0
2
2
0
0
2
0
1
1
2
1
0
2
1
1
0
0
0
0
3
1
0
0
0
2
3
0
1
0
2
1
1
0
0
1
1
0
1
1
0
2
0
1
1
1
0
1
0
2
1
0
0
0
2
1
2
1
0
1
2
0
1
0
1
1
0
1
3
2
2
0
0
0
5
0
2
1
0
0
1
1
1
0
1
3
1
0
0
0
1
1
0
2
0
0
0
1
1
1
1
0
0
1
0
0
2
0
0
1
3
0
0
2
2
0
2
0
1
0
0
0
0
0
2
1
1
0
0
3
1
1
1
1
1
1
1
0
2
1
0
1
0
1
0
1
1
2
2
0
0
0
1
1
1
0
0
0
1
0
0
1
0
0
1
0
0
1
1
0
0
0
0
1
1
2
0
1
0
0
0
0
0
1
0
0
0
0
0
0
0
0
0
1
0
0
3
1
1
1
1
0
0
2
1
0
0
1
0
0
1
0
0
0
0
2
0
1
1
0
1
1
0
1
0
0
1
2
0
0
0
0
0
0
1
1
3
1
1
1
0
0
1
0
0
1
0
1
0
0
0
0
0
2
1
1
0
1
0
0
0
1
0
0
0
1
1
1
1
0
0
1
0
2
0
1
0
1
0
1
1
0
1
3
2
0
0
0
0
0
0
1
0
1
1
0
0
0
0
1
1
1
0
1
0
0
0
1
0
0
1
0
2
0
4
0
0
1
0
2
2
1
0
1
0
0
1
0
0
0
0
1
0
0
2
1
1
0
0
1
0
0
1
0
0
1
0
1
0
0
0
2
0
0
0
3
1
0
1
2
0
1
1
1
1
2
1
2
0
1
0
1
0
1
1
0
1
1
1
1
0
5
1
3
1
1
0
1
0
0
1
1
1
1
0
4
1
3
0
2
1
0
1
0
0
0
0
0
2
0
0
2
1
0
0
1
2
1
1
0
1
0
0
1
1
0
1
0
0
0
0
1
3
0
0
1
2
1
1
1
1
0
2
1
3
1
3
0
0
0
3
0
0
0
1
0
0
1
2
1
2
3
2
1
0
1
0
0
0
0
2
0
0
1
0
0
1
0
2
0
0
4
0
1
0
2
1
2
0
2
1
0
0
1
2
1
0
1
0
1
2
4
1
0
0
1
0
0
0
2
0
1
1
2
1
1
1
1
2
2
0
1
3
0
1
3
2
0
0
2
2
0
1
0
0
0
1
2
2
0
0
0
0
1
1
2
0
0
0
1
0
0
2
0
2
2
2
2
2
0
0
1
0
1
2
0
0
2
0
0
1
0
0
2
0
0
1
0
0
1
0
1
3
1
0
1
1
1
0
1
0
0
0
0
0
0
0
0
0
1
0
0
1
0
1
0
0
0
0
0
0
0
1
1
0
1
0
1
0
0
0
0
0
0
1
0
0
1
1
1
1
1
1
0
0
0
1
0
2
0
0
0
0
1
1
0
0
1
0
0
0
0
0
0
0
0
1
0
1
0
0
0
0
0
0
2
1
1
2
0
1
0
0
1
0
0
1
0
1
0
0
1
1
1
0
0
1
0
1
1
0
2
0
1
0
2
2
1
1
0
0
3
1
0
1
1
0
0
0
1
1
0
0
0
1
0
0
1
0
0
1
0
0
1
0
0
0
1
0
0
0
0
0
0
0
0
0
0
0
0
1
0
1
0
1
0
1
0
0
0
0
0
0
1
0
0
0
2
0
2
0
2
1
0
0
0
2
0
0
0
0
0
0
1
2
1
1
0
0
0
0
1
0
0
0
0
0
0
1
1
0
1
0
1
0
0
0
0
0
0
0
1
0
0
0
2
1
0
0
0
0
0
0
0
1
0
0
1
0
0
1
1
0
0
0
0
0
1
1
0
0
1
1
0
0
1
0
0
0
0
0
0
0
0
0
0
0
0
0
0
0
1
0
1
1
0
2
1
1
0
0
0
0
0
0
0
0
0
0
0
1
1
0
0
0
0
0
0
2
0
0
0
0
0
1
0
1
0
0
0
0
0
0
1
0
0
1
0
0
0
0
2
1
0
1
0
0
0
0
0
0
1
0
0
3
1
1
0
1
0
0
0
0
0
0
0
0
0
0
0
0
0
2
0
0
1
0
1
0
0
0
2
1
0
0
0
0
1
0
1
1
0
1
0
0
1
0
0
0
0
0
1
0
0
1
0
0
0
0
0
1
0
1
0
0
1
0
0
1
0
1
0
0
0
0
1
0
0
1
0
0
0
0
0
1
0
1
0
1
0
0
0
0
0
0
0
0
0
0
1
0
1
0
0
1
1
1
0
1
0
0
0
0
1
2
1
0
1
0
0
0
0
1
0
1
0
0
0
1
1
1
0
2
1
0
0
1
1
1
0
0
0
0
2
0
0
0
0
0
0
1
1
3
0
0
0
1
0
2
1
0
0
0
1
0
0
0
1
1
0
2
0
0
0
0
0
0
0
0
0
2
0
0
1
0
1
0
0
0
1
0
0
2
0
0
0
0
1
0
1
0
0
0
0
0
0
0
0
0
0
1
0
1
0
0
0
0
0
1
0
0
0
0
0
0
1
1
0
1
0
0
0
1
1
0
0
1
0
1
0
0
0
2
0
0
1
0
0
0
0
1
0
1
1
0
0
2
1
1
2
1
0
0
0
0
0
1
0
1
0
0
0
0
1
0
1
1
0
0
4
0
0
1
0
0
0
0
0
1
2
0
0
0
0
0
0
0
0
0
0
0
0
0
1
0
0
3
0
1
0
0
1
0
0
0
0
0
0
1
0
1
0
0
0
0
0
0
0
0
0
1
0
0
0
0
0
0
0
1
0
2
0
0
0
1
0
2
1
0
1
0
0
1
0
0
2
0
0
2
0
0
0
0
0
1
0
0
0
1
1
2
1
0
1
0
0
1
0
2
0
0
0
0
1
2
1
0
0
2
1
0
2
0
0
0
0
0
0
0
2
0
1
0
1
0
2
0
0
0
0
0
0
0
0
0
0
0
0
1
1
0
0
0
0
0
0
1
2
0
0
0
0
0
0
1
1
0
0
0
0
1
0
0
1
1
0
0
2
0
0
0
2
1
1
0
0
1
1
0
1
3
2
2
2
1
1
0
0
0
0
0
0
1
0
0
0
0
1
0
0
0
0
1
0
2
1
1
1
1
1
0
0
1
1
0
0
1
0
2
0
0
0
0
0
0
0
2
1
1
1
0
0
2
1
0
0
0
0
0
0
0
1
0
0
1
0
1
0
2
1
0
0
0
1
1
1
0
0
0
0
1
0
2
1
1
0
0
1
0
0
1
1
0
0
0
0
0
0
1
0
0
1
0
0
0
0
0
0
1
1
0
0
0
2
0
0
0
1
0
0
0
1
0
0
0
0
0
2
0
0
4
0
0
2
0
0
1
1
0
0
0
1
0
0
0
0
0
0
0
0
0
0
0
1
1
0
0
1
0
3
1
1
0
1
0
0
0
0
2
1
0
0
0
0
1
0
0
0
0
1
1
0
1
0
0
0
1
1
0
1
1
0
0
0
2
0
0
0
0
1
1
0
0
0
0
0
2
0
0
1
0
0
0
0
1
0
0
1
0
0
1
0
1
0
1
2
2
1
0
0
0
0
0
0
0
0
0
0
0
0
0
1
0
1
0
0
0
1
0
2
2
1
0
3
0
1
0
2
1
1
0
0
0
0
0
0
0
1
0
2
0
1
0
0
1
0
0
0
0
0
1
1
1
2
0
1
0
1
1
1
0
0
1
0
0
0
1
0
0
0
0
0
0
3
0
0
2
0
1
1
0
0
1
0
0
0
0
0
0
1
0
0
1
0
2
0
0
0
0
0
0
1
0
0
0
0
0
0
0
0
2
0
0
1
1
0
0
1
1
1
0
1
0
0
1
1
1
0
0
1
1
0
0
1
1
0
0
0
0
2
1
1
1
0
0
1
0
1
0
2
0
0
0
0
0
2
0
0
0
0
0
1
0
0
0
0
1
0
1
1
0
0
0
0
0
0
1
0
0
0
1
0
1
0
1
1
0
0
0
2
0
1
0
0
0
0
0
0
0
0
0
0
0
0
0
0
0
1
0
1
1
1
1
0
1
0
1
1
1
1
0
1
0
0
0
0
0
0
0
0
1
1
0
1
0
0
0
0
0
0
0
0
0
0
0
0
0
1
1
0
0
0
0
0
1
1
0
0
0
0
0
0
0
0
1
0
0
1
0
0
0
0
2
1
0
2
0
0
0
0
2
1
0
0
0
0
1
1
1
1
0
0
1
0
0
1
0
0
0
0
0
0
1
0
1
1
0
0
0
0
0
0
0
1
0
0
0
0
0
0
0
0
0
1
1
0
0
1
0
0
2
0
0
1
0
0
0
0
0
0
1
2
0
0
0
0
0
0
0
0
1
1
2
1
1
1
0
0
0
0
0
0
0
0
1
1
0
0
1
0
3
0
0
0
3
0
0
0
0
0
1
0
0
0
0
0
0
1
1
0
0
0
1
0
0
0
0
0
0
0
0
0
0
0
0
0
0
0
0
1
1
0
3
0
1
1
0
1
0
0
0
1
0
0
0
1
1
1
2
1
0
0
0
0
0
1
0
0
0
0
1
0
1
0
0
0
0
0
0
0
0
0
1
0
0
1
1
1
0
0
0
0
0
0
0
2
0
0
2
0
0
0
1
0
1
0
1
0
2
0
0
0
1
1
0
0
0
0
0
0
0
0
2
0
0
0
0
0
0
0
0
1
1
0
0
1
0
0
0
0
0
0
0
0
0
0
0
0
0
0
0
0
0
0
1
0
1
0
0
0
0
0
1
1
0
1
0
1
1
0
0
0
1
0
0
0
0
0
0
0
0
1
0
0
0
0
0
0
0
0
1
0
0
0
0
0
0
0
1
0
0
0
1
0
0
0
0
1
0
0
0
0
0
0
0
0
0
0
0
0
0
2
0
0
0
0
0
0
0
1
1
0
0
0
0
0
0
0
1
1
0
0
0
0
0
0
0
0
0
0
0
0
0
0
0
0
0
0
0
1
0
0
0
0
0
0
0
1
1
0
0
0
0
0
0
0
0
0
0
0
1
1
0
0
0
0
0
2
0
0
0
0
0
1
0
0
0
0
0
0
0
0
0
0
1
0
0
0
0
0
0
0
0
0
0
0
0
0
0
1
0
0
0
0
0
0
0
0
0
0
0
0
0
0
2
2
0
0
1
1
0
0
0
2
0
0
0
0
0
0
0
1
0
0
0
0
0
0
0
0
1
0
0
0
0
0
0
1
0
0
0
0
0
0
0
1
0
0
0
0
0
1
1
0
0
1
0
0
0
0
0
0
0
0
0
0
0
0
0
0
0
0
0
0
1
0
0
0
0
0
0
1
0
0
0
0
0
0
0
0
1
1
0
0
0
0
0
0
0
0
0
0
0
0
0
0
0
0
0
0
0
1
0
0
0
0
0
0
0
0
0
0
0
0
1
0
0
0
0
0
0
0
0
0
0
1
0
0
0
0
1
0
0
0
0
0
0
0
0
0
0
0
0
0
0
0
0
0
0
0
1
0
0
0
1
1
0
0
0
0
0
0
0
1
0
0
0
0
0
0
0
0
0
0
0
0
0
0
0
0
1
0
0
0
0
0
0
0
0
0
0
0
1
0
0
1
0
0
0
0
0
0
0
0
0
1
1
0
0
0
0
0
1
0
0
0
0
0
0
0
0
0
0
0
0
1
0
0
0
0
0
0
0
0
0
0
0
0
0
0
0
0
0
1
0
0
0
0
0
0
0
0
0
0
0
0
0
0
1
0
0
1
0
0
0
0
0
0
0
0
0
0
0
0
1
0
0
0
0
0
0
0
1
0
0
0
0
0
0
0
0
0
0
1
0
1
1
1
0
0
0
1
0
0
0
0
0
0
0
0
0
1
0
0
0
0
0
0
0
0
0
1
1
0
0
0
0
0
1
1
1
0
0
0
0
0
0
0
0
0
0
1
1
0
0
0
0
0
0
1
0
0
0
0
0
0
0
0
0
0
1
0
1
0
0
0
0
0
1
0
0
0
0
0
0
0
0
0
1
0
0
0
0
0
0
0
0
0
0
0
1
0
1
0
0
0
0
0
0
0
0
0
0
0
0
2
0
0
0
0
0
1
0
0
0
0
0
1
0
0
2
0
0
1
0
2
0
1
0
0
0
1
0
0
0
1
0
0
0
0
1
0
1
0
0
0
1
1
0
0
0
1
1
1
0
1
0
1
1
1
1
0
1
1
1
0
0
0
0
1
0
1
0
2
1
0
0
0
0
0
0
1
0
1
0
0
2
0
0
0
2
2
0
1
0
0
0
0
0
1
0
1
1
0
0
1
0
0
0
2
0
1
0
0
1
1
1
0
0
1
2
0
2
0
0
1
0
0
3
1
0
1
1
2
0
0
2
1
1
0
0
1
0
1
0
1
1
2
0
0
1
0
0
0
0
2
0
0
0
0
0
0
0
0
0
0
2
0
0
0
0
1
1
0
0
4
0
1
1
1
0
0
0
3
0
0
0
1
0
0
0
0
1
0
0
1
2
1
1
0
1
1
0
0
1
1
1
0
1
0
2
0
0
1
1
0
0
2
0
0
1
1
0
0
0
0
1
0
0
0
1
0
0
1
0
0
0
0
0
2
1
2
1
0
0
1
0
1
0
0
0
0
1
0
0
0
0
0
0
0
0
1
0
0
3
0
0
0
1
0
0
0
0
0
0
0
2
0
0
0
1
0
1
0
0
0
0
0
0
0
0
1
2
0
0
0
0
0
1
0
1
1
0
0
0
0
0
0
0
0
0
0
0
0
0
0
0
0
0
0
0
1
1
0
0
0
0
1
0
0
0
0
2
0
0
0
0
0
1
0
0
0
0
1
1
0
0
0
0
0
0
0
0
0
0
0
0
0
0
1
0
0
0
0
0
0
0
0
0
0
0
0
0
1
0
0
1
0
0
0
0
0
0
0
0
1
0
0
0
0
0
0
1
0
0
0
0
0
0
0
2
0
0
0
1
0
0
0
0
0
0
0
0
0
0
0
0
0
0
0
0
1
0
0
0
0
0
0
0
0
0
0
0
0
0
0
0
1
0
1
0
0
0
0
0
0
1
0
0
0
0
0
0
0
0
0
0
0
0
0
0
0
0
0
0
0
0
0
0
0
0
0
0
0
0
0
0
0
0
0
0
0
0
0
0
0
0
0
0
0
0
0
0
0
0
0
0
0
0
0
0
0
0
0
0
0
0
0
0
0
0
0
0
0
0
0
0
0
0
0
0
0
0
0
0
0
0
0
0
0
0
0
0
0
0
1
0
0
0
0
0
0
0
0
0
0
0
0
0
0
0
0
0
0
0
0
1
0
0
0
0
0
0
0
0
0
0
0
0
0
0
0
0
0
0
0
0
0
0
1
0
0
0
0
0
0
0
0
0
0
0
0
0
0
0
0
0
0
1
0
0
0
0
0
0
0
0
0
0
0
0
0
0
0
0
0
0
0
0
0
0
0
0
0
0
0
0
0
0
0
0
0
0
0
0
0
0
0
0
0
0
0
0
0
0
0
0
0
0
0
0
0
0
0
0
0
0
0
0
0
0
0
0
0
0
0
0
0
0
0
0
0
0
0
0
0
0
0
0
0
0
0
0
0
0
0
0
0
0
0
0
0
0
0
0
0
0
0
0
0
0
0
0
0
0
0
0
0
0
0
0
0
0
0
0
0
0
0
0
0
0
0
1
0
0
1
0
0
0
0
0
0
0
0
0
0
0
0
0
0
0
0
0
1
1
0
0
0
0
0
0
0
0
0
0
0
0
0
0
0
0
0
0
0
0
0
0
0
0
0
0
0
0
0
0
0
1
1
0
0
0
0
0
0
0
0
0
0
0
0
0
0
0
0
0
1
0
0
0
0
0
0
0
0
0
0
0
0
0
0
0
0
0
0
0
0
0
0
0
0
0
0
0
0
0
0
0
0
0
0
0
0
0
0
0
0
0
0
0
0
0
0
